0.000000000000000000e+00 -2.414213562373094923e+00 -2.414213562373093147e+00 -4.142135623730958116e-01 -4.142135623730946459e-01 4.142135623730947569e-01 4.142135623730957006e-01 2.414213562373094479e+00 2.414213562373094479e+00
1.000000000000000000e+00 -2.414231626552905130e+00 -2.414231626552905130e+00 -4.141082628392177556e-01 -4.141082628392165899e-01 4.141082628392167564e-01 4.141082628392172560e-01 2.414231626552905130e+00 2.414231626552905130e+00
2.000000000000000000e+00 -2.414285783744810399e+00 -2.414285783744809954e+00 -4.137924049661964587e-01 -4.137924049661956816e-01 4.137924049661964032e-01 4.137924049661967363e-01 2.414285783744809066e+00 2.414285783744809510e+00
3.000000000000000000e+00 -2.414375927980147996e+00 -2.414375927980147107e+00 -4.132661108656243698e-01 -4.132661108656235927e-01 4.132661108656250915e-01 4.132661108656258131e-01 2.414375927980145775e+00 2.414375927980148884e+00
4.000000000000000000e+00 -2.414501882890506490e+00 -2.414501882890506046e+00 -4.125295838096943446e-01 -4.125295838096927903e-01 4.125295838096941226e-01 4.125295838096943446e-01 2.414501882890505158e+00 2.414501882890506046e+00
5.000000000000000000e+00 -2.414663402075508003e+00 -2.414663402075506671e+00 -4.115831078617473993e-01 -4.115831078617463445e-01 4.115831078617454009e-01 4.115831078617462890e-01 2.414663402075508003e+00 2.414663402075508003e+00
6.000000000000000000e+00 -2.414860169615229424e+00 -2.414860169615228980e+00 -4.104270473615379555e-01 -4.104270473615375114e-01 4.104270473615370118e-01 4.104270473615378445e-01 2.414860169615228536e+00 2.414860169615229424e+00
7.000000000000000000e+00 -2.415091800724788129e+00 -2.415091800724787241e+00 -4.090618462676562372e-01 -4.090618462676556266e-01 4.090618462676557932e-01 4.090618462676559597e-01 2.415091800724786797e+00 2.415091800724789017e+00
8.000000000000000000e+00 -2.415357842547986689e+00 -2.415357842547984468e+00 -4.074880273602365932e-01 -4.074880273602364822e-01 4.074880273602360381e-01 4.074880273602364267e-01 2.415357842547986245e+00 2.415357842547987133e+00
9.000000000000000000e+00 -2.415657775086236470e+00 -2.415657775086236025e+00 -4.057061913077191218e-01 -4.057061913077181226e-01 4.057061913077187332e-01 4.057061913077187332e-01 2.415657775086236025e+00 2.415657775086236470e+00
1.000000000000000000e+01 -2.415991012258406290e+00 -2.415991012258405402e+00 -4.037170156020232770e-01 -4.037170156020232215e-01 4.037170156020228329e-01 4.037170156020230549e-01 2.415991012258404957e+00 2.415991012258405846e+00
1.100000000000000000e+01 -2.416356903086655183e+00 -2.416356903086654739e+00 -4.015212533670788897e-01 -4.015212533670782236e-01 4.015212533670787787e-01 4.015212533670793338e-01 2.416356903086653851e+00 2.416356903086654739e+00
1.200000000000000000e+01 -2.416754733002792310e+00 -2.416754733002791422e+00 -3.991197320461665199e-01 -3.991197320461651321e-01 3.991197320461656872e-01 3.991197320461660758e-01 2.416754733002791422e+00 2.416754733002792754e+00
1.300000000000000000e+01 -2.417183725269209216e+00 -2.417183725269207883e+00 -3.965133519740158263e-01 -3.965133519740152157e-01 3.965133519740151602e-01 3.965133519740151602e-01 2.417183725269208328e+00 2.417183725269208772e+00
1.400000000000000000e+01 -2.417643042508018869e+00 -2.417643042508018425e+00 -3.937030848400518424e-01 -3.937030848400510097e-01 3.937030848400515648e-01 3.937030848400517313e-01 2.417643042508017093e+00 2.417643042508018425e+00
1.500000000000000000e+01 -2.418131788331633114e+00 -2.418131788331632226e+00 -3.906899720495256578e-01 -3.906899720495247696e-01 3.906899720495239925e-01 3.906899720495251027e-01 2.418131788331631782e+00 2.418131788331634446e+00
1.600000000000000000e+01 -2.418649009067701083e+00 -2.418649009067700195e+00 -3.874751229896334914e-01 -3.874751229896332694e-01 3.874751229896332694e-01 3.874751229896338800e-01 2.418649009067698863e+00 2.418649009067700195e+00
1.700000000000000000e+01 -2.419193695571025593e+00 -2.419193695571024705e+00 -3.840597132079953124e-01 -3.840597132079943687e-01 3.840597132079940357e-01 3.840597132079947018e-01 2.419193695571024705e+00 2.419193695571026037e+00
1.800000000000000000e+01 -2.419764785114903116e+00 -2.419764785114902228e+00 -3.804449825110475802e-01 -3.804449825110467476e-01 3.804449825110468586e-01 3.804449825110477468e-01 2.419764785114902672e+00 2.419764785114902672e+00
1.900000000000000000e+01 -2.420361163354111333e+00 -2.420361163354110001e+00 -3.766322329901352628e-01 -3.766322329901352073e-01 3.766322329901349297e-01 3.766322329901354293e-01 2.420361163354110001e+00 2.420361163354110445e+00
2.000000000000000000e+01 -2.420981666351709194e+00 -2.420981666351708750e+00 -3.726228269831318718e-01 -3.726228269831318163e-01 3.726228269831317608e-01 3.726228269831319273e-01 2.420981666351708306e+00 2.420981666351708750e+00
2.100000000000000000e+01 -2.421625082661724271e+00 -2.421625082661723383e+00 -3.684181849795107877e-01 -3.684181849795103991e-01 3.684181849795100661e-01 3.684181849795105657e-01 2.421625082661724715e+00 2.421625082661725603e+00
2.200000000000000000e+01 -2.422290155459809746e+00 -2.422290155459809302e+00 -3.640197834767943674e-01 -3.640197834767939788e-01 3.640197834767949780e-01 3.640197834767950336e-01 2.422290155459809302e+00 2.422290155459810190e+00
2.300000000000000000e+01 -2.422975584714005315e+00 -2.422975584714004871e+00 -3.594291527962420463e-01 -3.594291527962416022e-01 3.594291527962421018e-01 3.594291527962424349e-01 2.422975584714002650e+00 2.422975584714005315e+00
2.400000000000000000e+01 -2.423680029387819346e+00 -2.423680029387818458e+00 -3.546478748655668145e-01 -3.546478748655654822e-01 3.546478748655658153e-01 3.546478748655662039e-01 2.423680029387818013e+00 2.423680029387819346e+00
2.500000000000000000e+01 -2.424402109667980199e+00 -2.424402109667977978e+00 -3.496775809763166265e-01 -3.496775809763153497e-01 3.496775809763147391e-01 3.496775809763152387e-01 2.424402109667980643e+00 2.424402109667980643e+00
2.600000000000000000e+01 -2.425140409209413317e+00 -2.425140409209412873e+00 -3.445199495233913778e-01 -3.445199495233911557e-01 3.445199495233893239e-01 3.445199495233909337e-01 2.425140409209412873e+00 2.425140409209413761e+00
2.700000000000000000e+01 -2.425893477390170361e+00 -2.425893477390169028e+00 -3.391767037339515345e-01 -3.391767037339512569e-01 3.391767037339511459e-01 3.391767037339519231e-01 2.425893477390169028e+00 2.425893477390170805e+00
2.800000000000000000e+01 -2.426659831569333736e+00 -2.426659831569333292e+00 -3.336496093926895612e-01 -3.336496093926892836e-01 3.336496093926898387e-01 3.336496093926901163e-01 2.426659831569333292e+00 2.426659831569333292e+00
2.900000000000000000e+01 -2.427437959341169904e+00 -2.427437959341169904e+00 -3.279404725702190770e-01 -3.279404725702183554e-01 3.279404725702190770e-01 3.279404725702192991e-01 2.427437959341168572e+00 2.427437959341169904e+00
3.000000000000000000e+01 -2.428226320779122815e+00 -2.428226320779121483e+00 -3.220511373609604155e-01 -3.220511373609601935e-01 3.220511373609598604e-01 3.220511373609601380e-01 2.428226320779121039e+00 2.428226320779122815e+00
3.100000000000000000e+01 -2.429023350663567449e+00 -2.429023350663565672e+00 -3.159834836366272603e-01 -3.159834836366269828e-01 3.159834836366272603e-01 3.159834836366275379e-01 2.429023350663566116e+00 2.429023350663566561e+00
3.200000000000000000e+01 -2.429827460687598251e+00 -2.429827460687597362e+00 -3.097394248210331713e-01 -3.097394248210325607e-01 3.097394248210322831e-01 3.097394248210327827e-01 2.429827460687597807e+00 2.429827460687598251e+00
3.300000000000000000e+01 -2.430637041635471451e+00 -2.430637041635471451e+00 -3.033209056915835422e-01 -3.033209056915833757e-01 3.033209056915829871e-01 3.033209056915834867e-01 2.430637041635471007e+00 2.430637041635471896e+00
3.400000000000000000e+01 -2.431450465528736338e+00 -2.431450465528734561e+00 -2.967299002124625940e-01 -2.967299002124624829e-01 2.967299002124622609e-01 2.967299002124626495e-01 2.431450465528734561e+00 2.431450465528736338e+00
3.500000000000000000e+01 -2.432266087735396987e+00 -2.432266087735396987e+00 -2.899684094041075633e-01 -2.899684094041072857e-01 2.899684094041071192e-01 2.899684094041075633e-01 2.432266087735396543e+00 2.432266087735396987e+00
3.600000000000000000e+01 -2.433082249037950451e+00 -2.433082249037950007e+00 -2.830384592532073640e-01 -2.830384592532073085e-01 2.830384592532066423e-01 2.830384592532073085e-01 2.433082249037950895e+00 2.433082249037950895e+00
3.700000000000000000e+01 -2.433897277656396962e+00 -2.433897277656396518e+00 -2.759420986670558795e-01 -2.759420986670558240e-01 2.759420986670555465e-01 2.759420986670563791e-01 2.433897277656396518e+00 2.433897277656396518e+00
3.800000000000000000e+01 -2.434709491222823985e+00 -2.434709491222823541e+00 -2.686813974757102375e-01 -2.686813974757097379e-01 2.686813974757101264e-01 2.686813974757106260e-01 2.434709491222822653e+00 2.434709491222823985e+00
3.900000000000000000e+01 -2.435517198704470587e+00 -2.435517198704469255e+00 -2.612584444850215015e-01 -2.612584444850211685e-01 2.612584444850213905e-01 2.612584444850216681e-01 2.435517198704469255e+00 2.435517198704470587e+00
4.000000000000000000e+01 -2.436318702272597392e+00 -2.436318702272595615e+00 -2.536753455832332915e-01 -2.536753455832325144e-01 2.536753455832330695e-01 2.536753455832332915e-01 2.436318702272595615e+00 2.436318702272597392e+00
4.100000000000000000e+01 -2.437112299114822189e+00 -2.437112299114821745e+00 -2.459342219034705845e-01 -2.459342219034703902e-01 2.459342219034701682e-01 2.459342219034710286e-01 2.437112299114820857e+00 2.437112299114822189e+00
4.200000000000000000e+01 -2.437896283188965008e+00 -2.437896283188964563e+00 -2.380372080440963656e-01 -2.380372080440962268e-01 2.380372080440963933e-01 2.380372080440965321e-01 2.437896283188964119e+00 2.437896283188965008e+00
4.300000000000000000e+01 -2.438668946916753288e+00 -2.438668946916752844e+00 -2.299864503485661293e-01 -2.299864503485656853e-01 2.299864503485659906e-01 2.299864503485664624e-01 2.438668946916751956e+00 2.438668946916752844e+00
4.400000000000000000e+01 -2.439428582816106861e+00 -2.439428582816105529e+00 -2.217841052460786111e-01 -2.217841052460781115e-01 2.217841052460780005e-01 2.217841052460784446e-01 2.439428582816105973e+00 2.439428582816106861e+00
4.500000000000000000e+01 -2.440173485070999071e+00 -2.440173485070996406e+00 -2.134323376540206152e-01 -2.134323376540205597e-01 2.134323376540205874e-01 2.134323376540206707e-01 2.440173485070996406e+00 2.440173485070998183e+00
4.600000000000000000e+01 -2.440901951038205731e+00 -2.440901951038204398e+00 -2.049333194429041882e-01 -2.049333194429038274e-01 2.049333194429035498e-01 2.049333194429045213e-01 2.440901951038204398e+00 2.440901951038205731e+00
4.700000000000000000e+01 -2.441612282690521774e+00 -2.441612282690521774e+00 -1.962892279641953452e-01 -1.962892279641952342e-01 1.962892279641953175e-01 1.962892279641954008e-01 2.441612282690521774e+00 2.441612282690521774e+00
4.800000000000000000e+01 -2.442302787996301738e+00 -2.442302787996300850e+00 -1.875022446412227262e-01 -1.875022446412222821e-01 1.875022446412226151e-01 1.875022446412227817e-01 2.442302787996300850e+00 2.442302787996301738e+00
4.900000000000000000e+01 -2.442971782235384470e+00 -2.442971782235383138e+00 -1.785745536230447517e-01 -1.785745536230443908e-01 1.785745536230445296e-01 1.785745536230445851e-01 2.442971782235383138e+00 2.442971782235384470e+00
5.000000000000000000e+01 -2.443617589251763977e+00 -2.443617589251763533e+00 -1.695083405009895072e-01 -1.695083405009894517e-01 1.695083405009894517e-01 1.695083405009900623e-01 2.443617589251763533e+00 2.443617589251763533e+00
5.100000000000000000e+01 -2.444238542643467849e+00 -2.444238542643467405e+00 -1.603057910873407210e-01 -1.603057910873402214e-01 1.603057910873402769e-01 1.603057910873404157e-01 2.444238542643466516e+00 2.444238542643467849e+00
5.200000000000000000e+01 -2.444832986890401294e+00 -2.444832986890401294e+00 -1.509690902554580438e-01 -1.509690902554577663e-01 1.509690902554572112e-01 1.509690902554578495e-01 2.444832986890401294e+00 2.444832986890401294e+00
5.300000000000000000e+01 -2.445399278421004574e+00 -2.445399278421004130e+00 -1.415004208404672670e-01 -1.415004208404667119e-01 1.415004208404659070e-01 1.415004208404667674e-01 2.445399278421004574e+00 2.445399278421005018e+00
5.400000000000000000e+01 -2.445935786618774976e+00 -2.445935786618774976e+00 -1.319019625994734268e-01 -1.319019625994731770e-01 1.319019625994734546e-01 1.319019625994738709e-01 2.445935786618774976e+00 2.445935786618774976e+00
5.500000000000000000e+01 -2.446440894769811969e+00 -2.446440894769811081e+00 -1.221758912301417893e-01 -1.221758912301410954e-01 1.221758912301416505e-01 1.221758912301421363e-01 2.446440894769811081e+00 2.446440894769811525e+00
5.600000000000000000e+01 -2.446913000952688932e+00 -2.446913000952687600e+00 -1.123243774463454497e-01 -1.123243774463451722e-01 1.123243774463454775e-01 1.123243774463454914e-01 2.446913000952687600e+00 2.446913000952688488e+00
5.700000000000000000e+01 -2.447350518872034364e+00 -2.447350518872034364e+00 -1.023495861094949472e-01 -1.023495861094948639e-01 1.023495861094942394e-01 1.023495861094949472e-01 2.447350518872033920e+00 2.447350518872035252e+00
5.800000000000000000e+01 -2.447751878637333789e+00 -2.447751878637333345e+00 -9.225367541405531113e-02 -9.225367541405522787e-02 9.225367541405507521e-02 9.225367541405514460e-02 2.447751878637332901e+00 2.447751878637333345e+00
5.900000000000000000e+01 -2.448115527488489818e+00 -2.448115527488488929e+00 -8.203879612569171809e-02 -8.203879612569155155e-02 8.203879612569159319e-02 8.203879612569169033e-02 2.448115527488488929e+00 2.448115527488488929e+00
6.000000000000000000e+01 -2.448439930469788361e+00 -2.448439930469788361e+00 -7.170709087041389485e-02 -7.170709087041365892e-02 7.170709087041322871e-02 7.170709087041365892e-02 2.448439930469787917e+00 2.448439930469788806e+00
6.100000000000000000e+01 -2.448723571053949222e+00 -2.448723571053947889e+00 -6.126069347304556600e-02 -6.126069347304517743e-02 6.126069347304540641e-02 6.126069347304559376e-02 2.448723571053947001e+00 2.448723571053949222e+00
6.200000000000000000e+01 -2.448964951717971239e+00 -2.448964951717970351e+00 -5.070172834329749606e-02 -5.070172834329709360e-02 5.070172834329711442e-02 5.070172834329789158e-02 2.448964951717968574e+00 2.448964951717971239e+00
6.300000000000000000e+01 -2.449162594472538146e+00 -2.449162594472537258e+00 -4.003230990769688497e-02 -4.003230990769676700e-02 4.003230990769664904e-02 4.003230990769687109e-02 2.449162594472537258e+00 2.449162594472538146e+00
6.400000000000000000e+01 -2.449315041346737054e+00 -2.449315041346735722e+00 -2.925454208560907682e-02 -2.925454208560882008e-02 2.925454208560900396e-02 2.925454208560902478e-02 2.449315041346735722e+00 2.449315041346737054e+00
6.500000000000000000e+01 -2.449420854829869931e+00 -2.449420854829868155e+00 -1.837051780757521097e-02 -1.837051780757490566e-02 1.837051780757369135e-02 1.837051780757504443e-02 2.449420854829869043e+00 2.449420854829869931e+00
6.600000000000000000e+01 -2.449478618272155295e+00 -2.449478618272154851e+00 -7.382318574186156647e-03 -7.382318574185898173e-03 7.382318574185707354e-03 7.382318574185912051e-03 2.449478618272155295e+00 2.449478618272155295e+00
6.700000000000000000e+01 -2.449486936246083157e+00 -2.449486936246083157e+00 -3.707985946275486368e-03 -3.707985946275065264e-03 3.707985946274673216e-03 3.707985946275011054e-03 2.449486936246083602e+00 2.449486936246083602e+00
6.800000000000000000e+01 -2.449444434870160059e+00 -2.449444434870158727e+00 -1.489833828318888262e-02 -1.489833828318842986e-02 1.489833828318910119e-02 1.489833828318966151e-02 2.449444434870158727e+00 2.449444434870159171e+00
6.900000000000000000e+01 -2.449349762096844962e+00 -2.449349762096844962e+00 -2.618669349368251201e-02 -2.618669349368234200e-02 2.618669349368208527e-02 2.618669349368262650e-02 2.449349762096844518e+00 2.449349762096844962e+00
7.000000000000000000e+01 -2.449201587966332028e+00 -2.449201587966331584e+00 -3.757101945916740265e-02 -3.757101945916738184e-02 3.757101945916738878e-02 3.757101945916759000e-02 2.449201587966332028e+00 2.449201587966332028e+00
7.100000000000000000e+01 -2.448998604827918424e+00 -2.448998604827917092e+00 -4.904929715001218882e-02 -4.904929715001180718e-02 4.904929715001211249e-02 4.904929715001214025e-02 2.448998604827916648e+00 2.448998604827917980e+00
7.200000000000000000e+01 -2.448739527530583882e+00 -2.448739527530582549e+00 -6.061952086000340495e-02 -6.061952086000312739e-02 6.061952086000325923e-02 6.061952086000337719e-02 2.448739527530582549e+00 2.448739527530582993e+00
7.300000000000000000e+01 -2.448423093584409571e+00 -2.448423093584407351e+00 -7.227969841221454361e-02 -7.227969841221421055e-02 7.227969841221450198e-02 7.227969841221489056e-02 2.448423093584407351e+00 2.448423093584409127e+00
7.400000000000000000e+01 -2.448048063294416821e+00 -2.448048063294415932e+00 -8.402785133786001837e-02 -8.402785133785996285e-02 8.402785133786008775e-02 8.402785133786054572e-02 2.448048063294415932e+00 2.448048063294416377e+00
7.500000000000000000e+01 -2.447613219868379097e+00 -2.447613219868378653e+00 -9.586201502966193444e-02 -9.586201502966150423e-02 9.586201502966076871e-02 9.586201502966135157e-02 2.447613219868379097e+00 2.447613219868379986e+00
7.600000000000000000e+01 -2.447117369500054096e+00 -2.447117369500053208e+00 -1.077802388712267301e-01 -1.077802388712266607e-01 1.077802388712266607e-01 1.077802388712267995e-01 2.447117369500053208e+00 2.447117369500054096e+00
7.700000000000000000e+01 -2.446559341429330736e+00 -2.446559341429330292e+00 -1.197805863438734103e-01 -1.197805863438732438e-01 1.197805863438732576e-01 1.197805863438733687e-01 2.446559341429330736e+00 2.446559341429330736e+00
7.800000000000000000e+01 -2.445937987980663753e+00 -2.445937987980663308e+00 -1.318611351122967457e-01 -1.318611351122966069e-01 1.318611351122966346e-01 1.318611351122968012e-01 2.445937987980663308e+00 2.445937987980663753e+00
7.900000000000000000e+01 -2.445252184581147237e+00 -2.445252184581146349e+00 -1.440199770904308230e-01 -1.440199770904305177e-01 1.440199770904294907e-01 1.440199770904303234e-01 2.445252184581145904e+00 2.445252184581149013e+00
8.000000000000000000e+01 -2.444500829759528315e+00 -2.444500829759527871e+00 -1.562552184887907314e-01 -1.562552184887907314e-01 1.562552184887905926e-01 1.562552184887910089e-01 2.444500829759527871e+00 2.444500829759528315e+00
8.100000000000000000e+01 -2.443682845127412406e+00 -2.443682845127412406e+00 -1.685649798445575109e-01 -1.685649798445571224e-01 1.685649798445572889e-01 1.685649798445582326e-01 2.443682845127411518e+00 2.443682845127412406e+00
8.200000000000000000e+01 -2.442797175343860427e+00 -2.442797175343859983e+00 -1.809473960355798827e-01 -1.809473960355797717e-01 1.809473960355797717e-01 1.809473960355798272e-01 2.442797175343859983e+00 2.442797175343860427e+00
8.300000000000000000e+01 -2.441842788064523706e+00 -2.441842788064521930e+00 -1.934006162794685013e-01 -1.934006162794684180e-01 1.934006162794684180e-01 1.934006162794687511e-01 2.441842788064521930e+00 2.441842788064523262e+00
8.400000000000000000e+01 -2.440818673876417044e+00 -2.440818673876416156e+00 -2.059228041188525538e-01 -2.059228041188524705e-01 2.059228041188523317e-01 2.059228041188523595e-01 2.440818673876416156e+00 2.440818673876417044e+00
8.500000000000000000e+01 -2.439723846219395753e+00 -2.439723846219395753e+00 -2.185121373938684330e-01 -2.185121373938682110e-01 2.185121373938684330e-01 2.185121373938684886e-01 2.439723846219395309e+00 2.439723846219395753e+00
8.600000000000000000e+01 -2.438557341295320757e+00 -2.438557341295320757e+00 -2.311668082028696947e-01 -2.311668082028694726e-01 2.311668082028695004e-01 2.311668082028696947e-01 2.438557341295320313e+00 2.438557341295320313e+00
8.700000000000000000e+01 -2.437318217965869671e+00 -2.437318217965869671e+00 -2.438850228523173624e-01 -2.438850228523171682e-01 2.438850228523173347e-01 2.438850228523175012e-01 2.437318217965870115e+00 2.437318217965870115e+00
8.800000000000000000e+01 -2.436005557639941088e+00 -2.436005557639939756e+00 -2.566650017967510577e-01 -2.566650017967508357e-01 2.566650017967507802e-01 2.566650017967519459e-01 2.436005557639938868e+00 2.436005557639939312e+00
8.900000000000000000e+01 -2.434618464151443007e+00 -2.434618464151442119e+00 -2.695049795697131434e-01 -2.695049795697130879e-01 2.695049795697131434e-01 2.695049795697133654e-01 2.434618464151441675e+00 2.434618464151442119e+00
9.000000000000000000e+01 -2.433156063628378440e+00 -2.433156063628375776e+00 -2.824032047064307660e-01 -2.824032047064306550e-01 2.824032047064305995e-01 2.824032047064308770e-01 2.433156063628376664e+00 2.433156063628378440e+00
9.100000000000000000e+01 -2.431617504353916548e+00 -2.431617504353914772e+00 -2.953579396590423900e-01 -2.953579396590423345e-01 2.953579396590423900e-01 2.953579396590425565e-01 2.431617504353915216e+00 2.431617504353916548e+00
9.200000000000000000e+01 -2.430001956620260639e+00 -2.430001956620260195e+00 -3.083674607050906902e-01 -3.083674607050905792e-01 3.083674607050904126e-01 3.083674607050906347e-01 2.430001956620259307e+00 2.430001956620261083e+00
9.300000000000000000e+01 -2.428308612575954761e+00 -2.428308612575954761e+00 -3.214300578499868499e-01 -3.214300578499868499e-01 3.214300578499865724e-01 3.214300578499868499e-01 2.428308612575953429e+00 2.428308612575953429e+00
9.400000000000000000e+01 -2.426536686067310544e+00 -2.426536686067310100e+00 -3.345440347240865031e-01 -3.345440347240860590e-01 3.345440347240858925e-01 3.345440347240860590e-01 2.426536686067310100e+00 2.426536686067310544e+00
9.500000000000000000e+01 -2.424685412474588020e+00 -2.424685412474586688e+00 -3.477077084750045399e-01 -3.477077084750042069e-01 3.477077084750045399e-01 3.477077084750045399e-01 2.424685412474586688e+00 2.424685412474586688e+00
9.600000000000000000e+01 -2.422754048543464656e+00 -2.422754048543463767e+00 -3.609194096557453713e-01 -3.609194096557449272e-01 3.609194096557448717e-01 3.609194096557449272e-01 2.422754048543463767e+00 2.422754048543464656e+00
9.700000000000000000e+01 -2.420741872212406776e+00 -2.420741872212406331e+00 -3.741774821091858882e-01 -3.741774821091857772e-01 3.741774821091853886e-01 3.741774821091861103e-01 2.420741872212407664e+00 2.420741872212407664e+00
9.800000000000000000e+01 -2.418648182436403005e+00 -2.418648182436402116e+00 -3.874802828494409712e-01 -3.874802828494401385e-01 3.874802828494406937e-01 3.874802828494409157e-01 2.418648182436402116e+00 2.418648182436403005e+00
9.900000000000000000e+01 -2.416472299007573987e+00 -2.416472299007573099e+00 -4.008261819405715687e-01 -4.008261819405709026e-01 4.008261819405704585e-01 4.008261819405711246e-01 2.416472299007572655e+00 2.416472299007573987e+00
1.000000000000000000e+02 -2.414213562373095368e+00 -2.414213562373094923e+00 -4.142135623730954785e-01 -4.142135623730951455e-01 4.142135623730952010e-01 4.142135623730959226e-01 2.414213562373094035e+00 2.414213562373094923e+00
1.010000000000000000e+02 -2.411871333450882560e+00 -2.411871333450881227e+00 -4.276408199387250475e-01 -4.276408199387249920e-01 4.276408199387249920e-01 4.276408199387252695e-01 2.411871333450881227e+00 2.411871333450882560e+00
1.020000000000000000e+02 -2.409444993443389471e+00 -2.409444993443389471e+00 -4.411063631037102084e-01 -4.411063631037100974e-01 4.411063631037100974e-01 4.411063631037103749e-01 2.409444993443388583e+00 2.409444993443389027e+00
1.030000000000000000e+02 -2.406933943649942620e+00 -2.406933943649940844e+00 -4.546086128811620553e-01 -4.546086128811618332e-01 4.546086128811612781e-01 4.546086128811616667e-01 2.406933943649941732e+00 2.406933943649943064e+00
1.040000000000000000e+02 -2.404337605277903300e+00 -2.404337605277903300e+00 -4.681460027026976833e-01 -4.681460027026976833e-01 4.681460027026975723e-01 4.681460027026976278e-01 2.404337605277903300e+00 2.404337605277904188e+00
1.050000000000000000e+02 -2.401655419253024615e+00 -2.401655419253023283e+00 -4.817169782897168795e-01 -4.817169782897166019e-01 4.817169782897167685e-01 4.817169782897167685e-01 2.401655419253024171e+00 2.401655419253024615e+00
1.060000000000000000e+02 -2.398886846029262276e+00 -2.398886846029262276e+00 -4.953199975246079245e-01 -4.953199975246075359e-01 4.953199975246076470e-01 4.953199975246080355e-01 2.398886846029262720e+00 2.398886846029262720e+00
1.070000000000000000e+02 -2.396031365398336277e+00 -2.396031365398334501e+00 -5.089535303221527363e-01 -5.089535303221521811e-01 5.089535303221519591e-01 5.089535303221527363e-01 2.396031365398336277e+00 2.396031365398337165e+00
1.080000000000000000e+02 -2.393088476299296108e+00 -2.393088476299294776e+00 -5.226160585013790438e-01 -5.226160585013784887e-01 5.226160585013784887e-01 5.226160585013793769e-01 2.393088476299294776e+00 2.393088476299296108e+00
1.090000000000000000e+02 -2.390057696628307138e+00 -2.390057696628307138e+00 -5.363060756581002897e-01 -5.363060756581001787e-01 5.363060756581000676e-01 5.363060756581006228e-01 2.390057696628306250e+00 2.390057696628307138e+00
1.100000000000000000e+02 -2.386938563048908168e+00 -2.386938563048906392e+00 -5.500220870383423222e-01 -5.500220870383417671e-01 5.500220870383419891e-01 5.500220870383426552e-01 2.386938563048906836e+00 2.386938563048908168e+00
1.110000000000000000e+02 -2.383730630802902262e+00 -2.383730630802901818e+00 -5.637626094128657117e-01 -5.637626094128656007e-01 5.637626094128653786e-01 5.637626094128658227e-01 2.383730630802900485e+00 2.383730630802901818e+00
1.120000000000000000e+02 -2.380433473522085563e+00 -2.380433473522085119e+00 -5.775261709529538878e-01 -5.775261709529536658e-01 5.775261709529539988e-01 5.775261709529543319e-01 2.380433473522084231e+00 2.380433473522085119e+00
1.130000000000000000e+02 -2.377046683040989983e+00 -2.377046683040989539e+00 -5.913113111076359063e-01 -5.913113111076352402e-01 5.913113111076357953e-01 5.913113111076364614e-01 2.377046683040988206e+00 2.377046683040989983e+00
1.140000000000000000e+02 -2.373569869210759631e+00 -2.373569869210757854e+00 -6.051165804824897299e-01 -6.051165804824891747e-01 6.051165804824897299e-01 6.051165804824897299e-01 2.373569869210757854e+00 2.373569869210759631e+00
1.150000000000000000e+02 -2.370002659714340432e+00 -2.370002659714338211e+00 -6.189405407201602483e-01 -6.189405407201599152e-01 6.189405407201601372e-01 6.189405407201608034e-01 2.370002659714338655e+00 2.370002659714339099e+00
1.160000000000000000e+02 -2.366344699883068614e+00 -2.366344699883068614e+00 -6.327817643827213789e-01 -6.327817643827211569e-01 6.327817643827217120e-01 6.327817643827219340e-01 2.366344699883068614e+00 2.366344699883068614e+00
1.170000000000000000e+02 -2.362595652514827727e+00 -2.362595652514827727e+00 -6.466388348359828342e-01 -6.466388348359825011e-01 6.466388348359826121e-01 6.466388348359830562e-01 2.362595652514827282e+00 2.362595652514827727e+00
1.180000000000000000e+02 -2.358755197693797268e+00 -2.358755197693795935e+00 -6.605103461358471373e-01 -6.605103461358471373e-01 6.605103461358463601e-01 6.605103461358469152e-01 2.358755197693796379e+00 2.358755197693797268e+00
1.190000000000000000e+02 -2.354823032611969680e+00 -2.354823032611969236e+00 -6.743949029168063714e-01 -6.743949029168058162e-01 6.743949029168054832e-01 6.743949029168059273e-01 2.354823032611969236e+00 2.354823032611970124e+00
1.200000000000000000e+02 -2.350798871392460132e+00 -2.350798871392459688e+00 -6.882911202826459407e-01 -6.882911202826450525e-01 6.882911202826454966e-01 6.882911202826456076e-01 2.350798871392458800e+00 2.350798871392460132e+00
1.210000000000000000e+02 -2.346682444914704568e+00 -2.346682444914704124e+00 -7.021976236994402765e-01 -7.021976236994402765e-01 7.021976236994397214e-01 7.021976236994408316e-01 2.346682444914704568e+00 2.346682444914705457e+00
1.220000000000000000e+02 -2.342473500641617967e+00 -2.342473500641617523e+00 -7.161130488908892255e-01 -7.161130488908890035e-01 7.161130488908888925e-01 7.161130488908891145e-01 2.342473500641617523e+00 2.342473500641618855e+00
1.230000000000000000e+02 -2.338171802448734127e+00 -2.338171802448733239e+00 -7.300360417360475251e-01 -7.300360417360471921e-01 7.300360417360473031e-01 7.300360417360476362e-01 2.338171802448733239e+00 2.338171802448733683e+00
1.240000000000000000e+02 -2.333777130455431337e+00 -2.333777130455430004e+00 -7.439652581695029854e-01 -7.439652581695028744e-01 7.439652581695024303e-01 7.439652581695030964e-01 2.333777130455430449e+00 2.333777130455431781e+00
1.250000000000000000e+02 -2.329289280858227507e+00 -2.329289280858226174e+00 -7.578993640840222534e-01 -7.578993640840220314e-01 7.578993640840224755e-01 7.578993640840228085e-01 2.329289280858224842e+00 2.329289280858227507e+00
1.260000000000000000e+02 -2.324708065766225573e+00 -2.324708065766224241e+00 -7.718370352357173392e-01 -7.718370352357162290e-01 7.718370352357172282e-01 7.718370352357174502e-01 2.324708065766224241e+00 2.324708065766224685e+00
1.270000000000000000e+02 -2.320033313038706524e+00 -2.320033313038706080e+00 -7.857769571517368989e-01 -7.857769571517366769e-01 7.857769571517367879e-01 7.857769571517368989e-01 2.320033313038704748e+00 2.320033313038706524e+00
1.280000000000000000e+02 -2.315264866124925547e+00 -2.315264866124923770e+00 -7.997178250405155842e-01 -7.997178250405154731e-01 7.997178250405154731e-01 7.997178250405159172e-01 2.315264866124924659e+00 2.315264866124925991e+00
1.290000000000000000e+02 -2.310402583906083329e+00 -2.310402583906082885e+00 -8.136583437045910028e-01 -8.136583437045908918e-01 8.136583437045907807e-01 8.136583437045908918e-01 2.310402583906082441e+00 2.310402583906082441e+00
1.300000000000000000e+02 -2.305446340539538230e+00 -2.305446340539538230e+00 -8.275972274559959541e-01 -8.275972274559957320e-01 8.275972274559950659e-01 8.275972274559955100e-01 2.305446340539538230e+00 2.305446340539538674e+00
1.310000000000000000e+02 -2.300396025305240233e+00 -2.300396025305239789e+00 -8.415332000342320429e-01 -8.415332000342317098e-01 8.415332000342322649e-01 8.415332000342325980e-01 2.300396025305239345e+00 2.300396025305240677e+00
1.320000000000000000e+02 -2.295251542454381344e+00 -2.295251542454380900e+00 -8.554649945268281153e-01 -8.554649945268275602e-01 8.554649945268275602e-01 8.554649945268278932e-01 2.295251542454380900e+00 2.295251542454381788e+00
1.330000000000000000e+02 -2.290012811060297526e+00 -2.290012811060295750e+00 -8.693913532924746335e-01 -8.693913532924746335e-01 8.693913532924750776e-01 8.693913532924755216e-01 2.290012811060296194e+00 2.290012811060297082e+00
1.340000000000000000e+02 -2.284679764871585306e+00 -2.284679764871584862e+00 -8.833110278867347676e-01 -8.833110278867338794e-01 8.833110278867344345e-01 8.833110278867346565e-01 2.284679764871584418e+00 2.284679764871585306e+00
1.350000000000000000e+02 -2.279252352167460582e+00 -2.279252352167459250e+00 -8.972227789903141071e-01 -8.972227789903141071e-01 8.972227789903137740e-01 8.972227789903142181e-01 2.279252352167460138e+00 2.279252352167461027e+00
1.360000000000000000e+02 -2.273730535615313908e+00 -2.273730535615313908e+00 -9.111253763398867722e-01 -9.111253763398859951e-01 9.111253763398863281e-01 9.111253763398867722e-01 2.273730535615311243e+00 2.273730535615314352e+00
1.370000000000000000e+02 -2.268114292130493315e+00 -2.268114292130493315e+00 -9.250175986614508350e-01 -9.250175986614502799e-01 9.250175986614501689e-01 9.250175986614523893e-01 2.268114292130490650e+00 2.268114292130491094e+00
1.380000000000000000e+02 -2.262403612738262737e+00 -2.262403612738262293e+00 -9.388982336062094980e-01 -9.388982336062092759e-01 9.388982336062091649e-01 9.388982336062103862e-01 2.262403612738261849e+00 2.262403612738264957e+00
1.390000000000000000e+02 -2.256598502437956011e+00 -2.256598502437955123e+00 -9.527660776889447236e-01 -9.527660776889442795e-01 9.527660776889438354e-01 9.527660776889448346e-01 2.256598502437956011e+00 2.256598502437957343e+00
1.400000000000000000e+02 -2.250698980069280708e+00 -2.250698980069279820e+00 -9.666199362288685482e-01 -9.666199362288681041e-01 9.666199362288683261e-01 9.666199362288688812e-01 2.250698980069280264e+00 2.250698980069282040e+00
1.410000000000000000e+02 -2.244705078180768698e+00 -2.244705078180768254e+00 -9.804586232929313194e-01 -9.804586232929308753e-01 9.804586232929308753e-01 9.804586232929315415e-01 2.244705078180768254e+00 2.244705078180768698e+00
1.420000000000000000e+02 -2.238616842900352122e+00 -2.238616842900350790e+00 -9.942809616415605456e-01 -9.942809616415595464e-01 9.942809616415589913e-01 9.942809616415594354e-01 2.238616842900351678e+00 2.238616842900352122e+00
1.430000000000000000e+02 -2.232434333808035909e+00 -2.232434333808035021e+00 -1.008085782676789943e+00 -1.008085782676789721e+00 1.008085782676789277e+00 1.008085782676789943e+00 2.232434333808035465e+00 2.232434333808036353e+00
1.440000000000000000e+02 -2.226157623810653963e+00 -2.226157623810653075e+00 -1.021871926392786456e+00 -1.021871926392785568e+00 1.021871926392785346e+00 1.021871926392786234e+00 2.226157623810654407e+00 2.226157623810655295e+00
1.450000000000000000e+02 -2.219786799018681034e+00 -2.219786799018680146e+00 -1.035638241328697973e+00 -1.035638241328697751e+00 1.035638241328696640e+00 1.035638241328698417e+00 2.219786799018679702e+00 2.219786799018680146e+00
1.460000000000000000e+02 -2.213321958625064312e+00 -2.213321958625063424e+00 -1.049383584523843949e+00 -1.049383584523843727e+00 1.049383584523843727e+00 1.049383584523843949e+00 2.213321958625063424e+00 2.213321958625064312e+00
1.470000000000000000e+02 -2.206763214786072513e+00 -2.206763214786072069e+00 -1.063106821475168662e+00 -1.063106821475168440e+00 1.063106821475167996e+00 1.063106821475169106e+00 2.206763214786072069e+00 2.206763214786072957e+00
1.480000000000000000e+02 -2.200110692504122056e+00 -2.200110692504120280e+00 -1.076806826096973868e+00 -1.076806826096972314e+00 1.076806826096972758e+00 1.076806826096974312e+00 2.200110692504119392e+00 2.200110692504120280e+00
1.490000000000000000e+02 -2.193364529512536798e+00 -2.193364529512536798e+00 -1.090482480682861910e+00 -1.090482480682861688e+00 1.090482480682861466e+00 1.090482480682863020e+00 2.193364529512536798e+00 2.193364529512537686e+00
1.500000000000000000e+02 -2.186524876162270647e+00 -2.186524876162270203e+00 -1.104132675869876179e+00 -1.104132675869875513e+00 1.104132675869876179e+00 1.104132675869876401e+00 2.186524876162269315e+00 2.186524876162269315e+00
1.510000000000000000e+02 -2.179591895310481142e+00 -2.179591895310480698e+00 -1.117756310604805181e+00 -1.117756310604804959e+00 1.117756310604804071e+00 1.117756310604804959e+00 2.179591895310480254e+00 2.179591895310482030e+00
1.520000000000000000e+02 -2.172565762211015716e+00 -2.172565762211015272e+00 -1.131352292112615121e+00 -1.131352292112614899e+00 1.131352292112614455e+00 1.131352292112615121e+00 2.172565762211015272e+00 2.172565762211015716e+00
1.530000000000000000e+02 -2.165446664406711630e+00 -2.165446664406711186e+00 -1.144919535866974369e+00 -1.144919535866973925e+00 1.144919535866973259e+00 1.144919535866974591e+00 2.165446664406710298e+00 2.165446664406711630e+00
1.540000000000000000e+02 -2.158234801623521104e+00 -2.158234801623521104e+00 -1.158456965562847607e+00 -1.158456965562847607e+00 1.158456965562847607e+00 1.158456965562849161e+00 2.158234801623519772e+00 2.158234801623522436e+00
1.550000000000000000e+02 -2.150930385666426581e+00 -2.150930385666425693e+00 -1.171963513091120346e+00 -1.171963513091119902e+00 1.171963513091119236e+00 1.171963513091120124e+00 2.150930385666426581e+00 2.150930385666427025e+00
1.560000000000000000e+02 -2.143533640317107025e+00 -2.143533640317106581e+00 -1.185438118515214079e+00 -1.185438118515213857e+00 1.185438118515212969e+00 1.185438118515214523e+00 2.143533640317107469e+00 2.143533640317108357e+00
1.570000000000000000e+02 -2.136044801233345947e+00 -2.136044801233345058e+00 -1.198879730049682069e+00 -1.198879730049681847e+00 1.198879730049681847e+00 1.198879730049682291e+00 2.136044801233345503e+00 2.136044801233346391e+00
1.580000000000000000e+02 -2.128464115850127847e+00 -2.128464115850127847e+00 -1.212287304040726488e+00 -1.212287304040726266e+00 1.212287304040725822e+00 1.212287304040727154e+00 2.128464115850126959e+00 2.128464115850128291e+00
1.590000000000000000e+02 -2.120791843282431977e+00 -2.120791843282431977e+00 -1.225659804948625586e+00 -1.225659804948624920e+00 1.225659804948624698e+00 1.225659804948625808e+00 2.120791843282432421e+00 2.120791843282432421e+00
1.600000000000000000e+02 -2.113028254229663006e+00 -2.113028254229662561e+00 -1.238996205332020706e+00 -1.238996205332020262e+00 1.238996205332019596e+00 1.238996205332020928e+00 2.113028254229662117e+00 2.113028254229663006e+00
1.610000000000000000e+02 -2.105173630881699953e+00 -2.105173630881699509e+00 -1.252295485834058475e+00 -1.252295485834058253e+00 1.252295485834058475e+00 1.252295485834059363e+00 2.105173630881699953e+00 2.105173630881699953e+00
1.620000000000000000e+02 -2.097228266826567378e+00 -2.097228266826566045e+00 -1.265556635170326238e+00 -1.265556635170325794e+00 1.265556635170325572e+00 1.265556635170325572e+00 2.097228266826566045e+00 2.097228266826567378e+00
1.630000000000000000e+02 -2.089192466959644889e+00 -2.089192466959644889e+00 -1.278778650118570059e+00 -1.278778650118569837e+00 1.278778650118569171e+00 1.278778650118570059e+00 2.089192466959644889e+00 2.089192466959645333e+00
1.640000000000000000e+02 -2.081066547394459842e+00 -2.081066547394458954e+00 -1.291960535510162433e+00 -1.291960535510161989e+00 1.291960535510162877e+00 1.291960535510163322e+00 2.081066547394458954e+00 2.081066547394458954e+00
1.650000000000000000e+02 -2.072850835374965062e+00 -2.072850835374965062e+00 -1.305101304223280634e+00 -1.305101304223280412e+00 1.305101304223279968e+00 1.305101304223280856e+00 2.072850835374965062e+00 2.072850835374965950e+00
1.660000000000000000e+02 -2.064545669189348676e+00 -2.064545669189348231e+00 -1.318199977177781923e+00 -1.318199977177781479e+00 1.318199977177780369e+00 1.318199977177781923e+00 2.064545669189348231e+00 2.064545669189349564e+00
1.670000000000000000e+02 -2.056151398085293458e+00 -2.056151398085291238e+00 -1.331255583331727443e+00 -1.331255583331726999e+00 1.331255583331726999e+00 1.331255583331727887e+00 2.056151398085292126e+00 2.056151398085292126e+00
1.680000000000000000e+02 -2.047668382186695002e+00 -2.047668382186694558e+00 -1.344267159679549462e+00 -1.344267159679547907e+00 1.344267159679549906e+00 1.344267159679550350e+00 2.047668382186693226e+00 2.047668382186693670e+00
1.690000000000000000e+02 -2.039096992411818743e+00 -2.039096992411818743e+00 -1.357233751251815113e+00 -1.357233751251814668e+00 1.357233751251814002e+00 1.357233751251814446e+00 2.039096992411818299e+00 2.039096992411819631e+00
1.700000000000000000e+02 -2.030437610392849201e+00 -2.030437610392849201e+00 -1.370154411116562887e+00 -1.370154411116561999e+00 1.370154411116562221e+00 1.370154411116562221e+00 2.030437610392849201e+00 2.030437610392850090e+00
1.710000000000000000e+02 -2.021690628396829226e+00 -2.021690628396829226e+00 -1.383028200382202977e+00 -1.383028200382202089e+00 1.383028200382202311e+00 1.383028200382202755e+00 2.021690628396828782e+00 2.021690628396829670e+00
1.720000000000000000e+02 -2.012856449247967028e+00 -2.012856449247966140e+00 -1.395854188201929524e+00 -1.395854188201928858e+00 1.395854188201929524e+00 1.395854188201929524e+00 2.012856449247965696e+00 2.012856449247966584e+00
1.730000000000000000e+02 -2.003935486251287479e+00 -2.003935486251286591e+00 -1.408631451779640775e+00 -1.408631451779640775e+00 1.408631451779640775e+00 1.408631451779640997e+00 2.003935486251286147e+00 2.003935486251286591e+00
1.740000000000000000e+02 -1.994928163117606346e+00 -1.994928163117605679e+00 -1.421359076377329611e+00 -1.421359076377328945e+00 1.421359076377329167e+00 1.421359076377330055e+00 1.994928163117604347e+00 1.994928163117605235e+00
1.750000000000000000e+02 -1.985834913889814368e+00 -1.985834913889813702e+00 -1.434036155323930251e+00 -1.434036155323928918e+00 1.434036155323928696e+00 1.434036155323929584e+00 1.985834913889812370e+00 1.985834913889814590e+00
1.760000000000000000e+02 -1.976656182870448086e+00 -1.976656182870447198e+00 -1.446661790025585592e+00 -1.446661790025585592e+00 1.446661790025585592e+00 1.446661790025586258e+00 1.976656182870446754e+00 1.976656182870447642e+00
1.770000000000000000e+02 -1.967392424550532537e+00 -1.967392424550531871e+00 -1.459235089977341193e+00 -1.459235089977340749e+00 1.459235089977340971e+00 1.459235089977341193e+00 1.967392424550531427e+00 1.967392424550531871e+00
1.780000000000000000e+02 -1.958044103539682945e+00 -1.958044103539682723e+00 -1.471755172776192611e+00 -1.471755172776192611e+00 1.471755172776191500e+00 1.471755172776193055e+00 1.958044103539682501e+00 1.958044103539683167e+00
1.790000000000000000e+02 -1.948611694497439650e+00 -1.948611694497438984e+00 -1.484221164135527626e+00 -1.484221164135526516e+00 1.484221164135525628e+00 1.484221164135527404e+00 1.948611694497439206e+00 1.948611694497439428e+00
1.800000000000000000e+02 -1.939095682065834492e+00 -1.939095682065833604e+00 -1.496632197900886307e+00 -1.496632197900884975e+00 1.496632197900884975e+00 1.496632197900885197e+00 1.939095682065834048e+00 1.939095682065834714e+00
1.810000000000000000e+02 -1.929496560803161564e+00 -1.929496560803160898e+00 -1.508987416067070653e+00 -1.508987416067069764e+00 1.508987416067069542e+00 1.508987416067070209e+00 1.929496560803159788e+00 1.929496560803162897e+00
1.820000000000000000e+02 -1.919814835118947682e+00 -1.919814835118947460e+00 -1.521285968796534105e+00 -1.521285968796534105e+00 1.521285968796533883e+00 1.521285968796534327e+00 1.919814835118947682e+00 1.919814835118947904e+00
1.830000000000000000e+02 -1.910051019210103451e+00 -1.910051019210102341e+00 -1.533527014439082681e+00 -1.533527014439082459e+00 1.533527014439082237e+00 1.533527014439082903e+00 1.910051019210102785e+00 1.910051019210103895e+00
1.840000000000000000e+02 -1.900205636998251624e+00 -1.900205636998250514e+00 -1.545709719552823991e+00 -1.545709719552823325e+00 1.545709719552823325e+00 1.545709719552823991e+00 1.900205636998251180e+00 1.900205636998251624e+00
1.850000000000000000e+02 -1.890279222068209197e+00 -1.890279222068208753e+00 -1.557833258926387021e+00 -1.557833258926386355e+00 1.557833258926386799e+00 1.557833258926387021e+00 1.890279222068208753e+00 1.890279222068209197e+00
1.860000000000000000e+02 -1.880272317607621479e+00 -1.880272317607621257e+00 -1.569896815602371598e+00 -1.569896815602371598e+00 1.569896815602370710e+00 1.569896815602372708e+00 1.880272317607620591e+00 1.880272317607621257e+00
1.870000000000000000e+02 -1.870185476347736575e+00 -1.870185476347736353e+00 -1.581899580902021984e+00 -1.581899580902021540e+00 1.581899580902021318e+00 1.581899580902022429e+00 1.870185476347736353e+00 1.870185476347737685e+00
1.880000000000000000e+02 -1.860019260505310079e+00 -1.860019260505308747e+00 -1.593840754451109953e+00 -1.593840754451109953e+00 1.593840754451109509e+00 1.593840754451109509e+00 1.860019260505309413e+00 1.860019260505310301e+00
1.890000000000000000e+02 -1.849774241725629542e+00 -1.849774241725629320e+00 -1.605719544207011795e+00 -1.605719544207011129e+00 1.605719544207011351e+00 1.605719544207011573e+00 1.849774241725628876e+00 1.849774241725629320e+00
1.900000000000000000e+02 -1.839451001026661148e+00 -1.839451001026659593e+00 -1.617535166486966158e+00 -1.617535166486964826e+00 1.617535166486965492e+00 1.617535166486966380e+00 1.839451001026658261e+00 1.839451001026660926e+00
1.910000000000000000e+02 -1.829050128744287962e+00 -1.829050128744286852e+00 -1.629286845997507838e+00 -1.629286845997507172e+00 1.629286845997507838e+00 1.629286845997508504e+00 1.829050128744286630e+00 1.829050128744287074e+00
1.920000000000000000e+02 -1.818572224478667732e+00 -1.818572224478667509e+00 -1.640973815865052643e+00 -1.640973815865051977e+00 1.640973815865052199e+00 1.640973815865053087e+00 1.818572224478667065e+00 1.818572224478667732e+00
1.930000000000000000e+02 -1.808017897041678701e+00 -1.808017897041678479e+00 -1.652595317667633568e+00 -1.652595317667633124e+00 1.652595317667633346e+00 1.652595317667633790e+00 1.808017897041677591e+00 1.808017897041679145e+00
1.940000000000000000e+02 -1.797387764405453225e+00 -1.797387764405452115e+00 -1.664150601467779822e+00 -1.664150601467779156e+00 1.664150601467778934e+00 1.664150601467779822e+00 1.797387764405451671e+00 1.797387764405453225e+00
1.950000000000000000e+02 -1.786682453652001845e+00 -1.786682453652000513e+00 -1.675638925846514971e+00 -1.675638925846514082e+00 1.675638925846514304e+00 1.675638925846514304e+00 1.786682453652001401e+00 1.786682453652001845e+00
1.960000000000000000e+02 -1.775902600923934038e+00 -1.775902600923933150e+00 -1.687059557938488830e+00 -1.687059557938488163e+00 1.687059557938488386e+00 1.687059557938488608e+00 1.775902600923932928e+00 1.775902600923934260e+00
1.970000000000000000e+02 -1.765048851376234795e+00 -1.765048851376234129e+00 -1.698411773468210706e+00 -1.698411773468210706e+00 1.698411773468210262e+00 1.698411773468210706e+00 1.765048851376234573e+00 1.765048851376235017e+00
1.980000000000000000e+02 -1.754121859129150751e+00 -1.754121859129150085e+00 -1.709694856787401962e+00 -1.709694856787401740e+00 1.709694856787401518e+00 1.709694856787401962e+00 1.754121859129150085e+00 1.754121859129150529e+00
1.990000000000000000e+02 -1.743122287222133027e+00 -1.743122287222132583e+00 -1.720908100913434158e+00 -1.720908100913433492e+00 1.720908100913433492e+00 1.720908100913434602e+00 1.743122287222132361e+00 1.743122287222133027e+00
2.000000000000000000e+02 -1.732050807568877193e+00 -1.732050807568877193e+00 -1.732050807568877193e+00 -1.732050807568877193e+00 1.732050807568877193e+00 1.732050807568877193e+00 1.732050807568877193e+00 1.732050807568877193e+00
2.010000000000000000e+02 -1.743122287222133471e+00 -1.743122287222132361e+00 -1.720908100913433714e+00 -1.720908100913433714e+00 1.720908100913433714e+00 1.720908100913433936e+00 1.743122287222131916e+00 1.743122287222133471e+00
2.020000000000000000e+02 -1.754121859129150529e+00 -1.754121859129150529e+00 -1.709694856787400852e+00 -1.709694856787400852e+00 1.709694856787400852e+00 1.709694856787401074e+00 1.754121859129150085e+00 1.754121859129150751e+00
2.030000000000000000e+02 -1.765048851376235017e+00 -1.765048851376234573e+00 -1.698411773468211150e+00 -1.698411773468210706e+00 1.698411773468211150e+00 1.698411773468211372e+00 1.765048851376234351e+00 1.765048851376234351e+00
2.040000000000000000e+02 -1.775902600923934038e+00 -1.775902600923933816e+00 -1.687059557938488608e+00 -1.687059557938487941e+00 1.687059557938488386e+00 1.687059557938488830e+00 1.775902600923933150e+00 1.775902600923933816e+00
2.050000000000000000e+02 -1.786682453652002955e+00 -1.786682453652001845e+00 -1.675638925846514526e+00 -1.675638925846514526e+00 1.675638925846513416e+00 1.675638925846514304e+00 1.786682453652002289e+00 1.786682453652003177e+00
2.060000000000000000e+02 -1.797387764405452337e+00 -1.797387764405452115e+00 -1.664150601467779378e+00 -1.664150601467779378e+00 1.664150601467779378e+00 1.664150601467779822e+00 1.797387764405451893e+00 1.797387764405452115e+00
2.070000000000000000e+02 -1.808017897041678479e+00 -1.808017897041677813e+00 -1.652595317667633568e+00 -1.652595317667633346e+00 1.652595317667633346e+00 1.652595317667634012e+00 1.808017897041678257e+00 1.808017897041678701e+00
2.080000000000000000e+02 -1.818572224478667732e+00 -1.818572224478667509e+00 -1.640973815865051977e+00 -1.640973815865051533e+00 1.640973815865051977e+00 1.640973815865052421e+00 1.818572224478666843e+00 1.818572224478667732e+00
2.090000000000000000e+02 -1.829050128744287518e+00 -1.829050128744287296e+00 -1.629286845997509170e+00 -1.629286845997507838e+00 1.629286845997508060e+00 1.629286845997509836e+00 1.829050128744285519e+00 1.829050128744288184e+00
2.100000000000000000e+02 -1.839451001026660704e+00 -1.839451001026660482e+00 -1.617535166486965048e+00 -1.617535166486964826e+00 1.617535166486965048e+00 1.617535166486966158e+00 1.839451001026659371e+00 1.839451001026661592e+00
2.110000000000000000e+02 -1.849774241725630208e+00 -1.849774241725629542e+00 -1.605719544207011795e+00 -1.605719544207011351e+00 1.605719544207011351e+00 1.605719544207011573e+00 1.849774241725628432e+00 1.849774241725629764e+00
2.120000000000000000e+02 -1.860019260505308747e+00 -1.860019260505308525e+00 -1.593840754451110620e+00 -1.593840754451109509e+00 1.593840754451109287e+00 1.593840754451109509e+00 1.860019260505309191e+00 1.860019260505309413e+00
2.130000000000000000e+02 -1.870185476347736131e+00 -1.870185476347735465e+00 -1.581899580902021762e+00 -1.581899580902020208e+00 1.581899580902021318e+00 1.581899580902022207e+00 1.870185476347734799e+00 1.870185476347735909e+00
2.140000000000000000e+02 -1.880272317607621702e+00 -1.880272317607620813e+00 -1.569896815602372264e+00 -1.569896815602371376e+00 1.569896815602371820e+00 1.569896815602372486e+00 1.880272317607620591e+00 1.880272317607620591e+00
2.150000000000000000e+02 -1.890279222068208975e+00 -1.890279222068207421e+00 -1.557833258926387909e+00 -1.557833258926387021e+00 1.557833258926386133e+00 1.557833258926387465e+00 1.890279222068208531e+00 1.890279222068208753e+00
2.160000000000000000e+02 -1.900205636998251624e+00 -1.900205636998251624e+00 -1.545709719552823991e+00 -1.545709719552823325e+00 1.545709719552823547e+00 1.545709719552824435e+00 1.900205636998250514e+00 1.900205636998251402e+00
2.170000000000000000e+02 -1.910051019210103673e+00 -1.910051019210102341e+00 -1.533527014439083569e+00 -1.533527014439082903e+00 1.533527014439082015e+00 1.533527014439083569e+00 1.910051019210102563e+00 1.910051019210103007e+00
2.180000000000000000e+02 -1.919814835118947904e+00 -1.919814835118947238e+00 -1.521285968796534327e+00 -1.521285968796534105e+00 1.521285968796532773e+00 1.521285968796534549e+00 1.919814835118947460e+00 1.919814835118948571e+00
2.190000000000000000e+02 -1.929496560803161564e+00 -1.929496560803161120e+00 -1.508987416067069987e+00 -1.508987416067069764e+00 1.508987416067068654e+00 1.508987416067070653e+00 1.929496560803160676e+00 1.929496560803162453e+00
2.200000000000000000e+02 -1.939095682065834714e+00 -1.939095682065834270e+00 -1.496632197900885419e+00 -1.496632197900885419e+00 1.496632197900884531e+00 1.496632197900886085e+00 1.939095682065834048e+00 1.939095682065835602e+00
2.210000000000000000e+02 -1.948611694497439428e+00 -1.948611694497439428e+00 -1.484221164135526516e+00 -1.484221164135526516e+00 1.484221164135525628e+00 1.484221164135527626e+00 1.948611694497438984e+00 1.948611694497440094e+00
2.220000000000000000e+02 -1.958044103539682945e+00 -1.958044103539682723e+00 -1.471755172776192833e+00 -1.471755172776192389e+00 1.471755172776192611e+00 1.471755172776192833e+00 1.958044103539681835e+00 1.958044103539682279e+00
2.230000000000000000e+02 -1.967392424550533203e+00 -1.967392424550532537e+00 -1.459235089977340749e+00 -1.459235089977340527e+00 1.459235089977339861e+00 1.459235089977341859e+00 1.967392424550531205e+00 1.967392424550532981e+00
2.240000000000000000e+02 -1.976656182870448086e+00 -1.976656182870447864e+00 -1.446661790025584926e+00 -1.446661790025584482e+00 1.446661790025584482e+00 1.446661790025586258e+00 1.976656182870446532e+00 1.976656182870448752e+00
2.250000000000000000e+02 -1.985834913889813924e+00 -1.985834913889813702e+00 -1.434036155323928030e+00 -1.434036155323927808e+00 1.434036155323927364e+00 1.434036155323927808e+00 1.985834913889814146e+00 1.985834913889814146e+00
2.260000000000000000e+02 -1.994928163117605679e+00 -1.994928163117605457e+00 -1.421359076377330277e+00 -1.421359076377329389e+00 1.421359076377329611e+00 1.421359076377330277e+00 1.994928163117605457e+00 1.994928163117605679e+00
2.270000000000000000e+02 -2.003935486251287479e+00 -2.003935486251286591e+00 -1.408631451779641441e+00 -1.408631451779640109e+00 1.408631451779640553e+00 1.408631451779641219e+00 2.003935486251285258e+00 2.003935486251287479e+00
2.280000000000000000e+02 -2.012856449247966584e+00 -2.012856449247966140e+00 -1.395854188201929746e+00 -1.395854188201929302e+00 1.395854188201929968e+00 1.395854188201930191e+00 2.012856449247966140e+00 2.012856449247966584e+00
2.290000000000000000e+02 -2.021690628396829226e+00 -2.021690628396828782e+00 -1.383028200382202977e+00 -1.383028200382202533e+00 1.383028200382201423e+00 1.383028200382201645e+00 2.021690628396830114e+00 2.021690628396830558e+00
2.300000000000000000e+02 -2.030437610392849201e+00 -2.030437610392848313e+00 -1.370154411116563109e+00 -1.370154411116562887e+00 1.370154411116562221e+00 1.370154411116563775e+00 2.030437610392849646e+00 2.030437610392850090e+00
2.310000000000000000e+02 -2.039096992411819187e+00 -2.039096992411819187e+00 -1.357233751251814668e+00 -1.357233751251813336e+00 1.357233751251814002e+00 1.357233751251814446e+00 2.039096992411819187e+00 2.039096992411820075e+00
2.320000000000000000e+02 -2.047668382186694114e+00 -2.047668382186693226e+00 -1.344267159679550572e+00 -1.344267159679550572e+00 1.344267159679549684e+00 1.344267159679550572e+00 2.047668382186694114e+00 2.047668382186695002e+00
2.330000000000000000e+02 -2.056151398085292570e+00 -2.056151398085292126e+00 -1.331255583331727443e+00 -1.331255583331727443e+00 1.331255583331726777e+00 1.331255583331728998e+00 2.056151398085291238e+00 2.056151398085292570e+00
2.340000000000000000e+02 -2.064545669189349120e+00 -2.064545669189349120e+00 -1.318199977177781923e+00 -1.318199977177781257e+00 1.318199977177780369e+00 1.318199977177781923e+00 2.064545669189349120e+00 2.064545669189349120e+00
2.350000000000000000e+02 -2.072850835374965506e+00 -2.072850835374965062e+00 -1.305101304223280856e+00 -1.305101304223280412e+00 1.305101304223280412e+00 1.305101304223280412e+00 2.072850835374965506e+00 2.072850835374966838e+00
2.360000000000000000e+02 -2.081066547394458954e+00 -2.081066547394458954e+00 -1.291960535510163099e+00 -1.291960535510161989e+00 1.291960535510161989e+00 1.291960535510163099e+00 2.081066547394458510e+00 2.081066547394459398e+00
2.370000000000000000e+02 -2.089192466959645778e+00 -2.089192466959645333e+00 -1.278778650118569837e+00 -1.278778650118568727e+00 1.278778650118569393e+00 1.278778650118569615e+00 2.089192466959645333e+00 2.089192466959645333e+00
2.380000000000000000e+02 -2.097228266826566490e+00 -2.097228266826565157e+00 -1.265556635170326460e+00 -1.265556635170326016e+00 1.265556635170324684e+00 1.265556635170326016e+00 2.097228266826566045e+00 2.097228266826566490e+00
2.390000000000000000e+02 -2.105173630881699953e+00 -2.105173630881699509e+00 -1.252295485834058031e+00 -1.252295485834057365e+00 1.252295485834057587e+00 1.252295485834057809e+00 2.105173630881699509e+00 2.105173630881700841e+00
2.400000000000000000e+02 -2.113028254229662561e+00 -2.113028254229662117e+00 -1.238996205332021150e+00 -1.238996205332020484e+00 1.238996205332020262e+00 1.238996205332021594e+00 2.113028254229662117e+00 2.113028254229663006e+00
2.410000000000000000e+02 -2.120791843282433309e+00 -2.120791843282432421e+00 -1.225659804948625364e+00 -1.225659804948624698e+00 1.225659804948623366e+00 1.225659804948624032e+00 2.120791843282433753e+00 2.120791843282434641e+00
2.420000000000000000e+02 -2.128464115850127847e+00 -2.128464115850127403e+00 -1.212287304040726488e+00 -1.212287304040726488e+00 1.212287304040725600e+00 1.212287304040726710e+00 2.128464115850126959e+00 2.128464115850128735e+00
2.430000000000000000e+02 -2.136044801233345503e+00 -2.136044801233345058e+00 -1.198879730049681624e+00 -1.198879730049681402e+00 1.198879730049680514e+00 1.198879730049681624e+00 2.136044801233345058e+00 2.136044801233345947e+00
2.440000000000000000e+02 -2.143533640317107469e+00 -2.143533640317107025e+00 -1.185438118515214079e+00 -1.185438118515214079e+00 1.185438118515214079e+00 1.185438118515214301e+00 2.143533640317107469e+00 2.143533640317108357e+00
2.450000000000000000e+02 -2.150930385666426581e+00 -2.150930385666426137e+00 -1.171963513091119458e+00 -1.171963513091118347e+00 1.171963513091117015e+00 1.171963513091119236e+00 2.150930385666426581e+00 2.150930385666428357e+00
2.460000000000000000e+02 -2.158234801623520660e+00 -2.158234801623520216e+00 -1.158456965562848717e+00 -1.158456965562848051e+00 1.158456965562847607e+00 1.158456965562848051e+00 2.158234801623521104e+00 2.158234801623521548e+00
2.470000000000000000e+02 -2.165446664406712518e+00 -2.165446664406711630e+00 -1.144919535866973925e+00 -1.144919535866973037e+00 1.144919535866973481e+00 1.144919535866973925e+00 2.165446664406710298e+00 2.165446664406711630e+00
2.480000000000000000e+02 -2.172565762211016160e+00 -2.172565762211015716e+00 -1.131352292112615343e+00 -1.131352292112614677e+00 1.131352292112614011e+00 1.131352292112616675e+00 2.172565762211013940e+00 2.172565762211016160e+00
2.490000000000000000e+02 -2.179591895310482030e+00 -2.179591895310481142e+00 -1.117756310604804959e+00 -1.117756310604804293e+00 1.117756310604802961e+00 1.117756310604804737e+00 2.179591895310481142e+00 2.179591895310482474e+00
2.500000000000000000e+02 -2.186524876162269759e+00 -2.186524876162268871e+00 -1.104132675869875735e+00 -1.104132675869875513e+00 1.104132675869875513e+00 1.104132675869876623e+00 2.186524876162269315e+00 2.186524876162271092e+00
2.510000000000000000e+02 -2.193364529512537686e+00 -2.193364529512536798e+00 -1.090482480682861244e+00 -1.090482480682861022e+00 1.090482480682860800e+00 1.090482480682861688e+00 2.193364529512536354e+00 2.193364529512536798e+00
2.520000000000000000e+02 -2.200110692504120724e+00 -2.200110692504120724e+00 -1.076806826096974756e+00 -1.076806826096974312e+00 1.076806826096974312e+00 1.076806826096974978e+00 2.200110692504118948e+00 2.200110692504120280e+00
2.530000000000000000e+02 -2.206763214786072957e+00 -2.206763214786072957e+00 -1.063106821475169106e+00 -1.063106821475167774e+00 1.063106821475168218e+00 1.063106821475169106e+00 2.206763214786072513e+00 2.206763214786072957e+00
2.540000000000000000e+02 -2.213321958625064756e+00 -2.213321958625064312e+00 -1.049383584523843949e+00 -1.049383584523843727e+00 1.049383584523842616e+00 1.049383584523844837e+00 2.213321958625063868e+00 2.213321958625063868e+00
2.550000000000000000e+02 -2.219786799018680590e+00 -2.219786799018680146e+00 -1.035638241328698639e+00 -1.035638241328698417e+00 1.035638241328697973e+00 1.035638241328699527e+00 2.219786799018678813e+00 2.219786799018680590e+00
2.560000000000000000e+02 -2.226157623810653963e+00 -2.226157623810653963e+00 -1.021871926392785790e+00 -1.021871926392784680e+00 1.021871926392785346e+00 1.021871926392786012e+00 2.226157623810653519e+00 2.226157623810653519e+00
2.570000000000000000e+02 -2.232434333808034577e+00 -2.232434333808034133e+00 -1.008085782676790609e+00 -1.008085782676789943e+00 1.008085782676789277e+00 1.008085782676790387e+00 2.232434333808035465e+00 2.232434333808035909e+00
2.580000000000000000e+02 -2.238616842900351234e+00 -2.238616842900350790e+00 -9.942809616415596574e-01 -9.942809616415595464e-01 9.942809616415591023e-01 9.942809616415596574e-01 2.238616842900350346e+00 2.238616842900351234e+00
2.590000000000000000e+02 -2.244705078180769142e+00 -2.244705078180768254e+00 -9.804586232929322076e-01 -9.804586232929308753e-01 9.804586232929314304e-01 9.804586232929320966e-01 2.244705078180767810e+00 2.244705078180770030e+00
2.600000000000000000e+02 -2.250698980069280708e+00 -2.250698980069280264e+00 -9.666199362288684371e-01 -9.666199362288664387e-01 9.666199362288668828e-01 9.666199362288678820e-01 2.250698980069280708e+00 2.250698980069281152e+00
2.610000000000000000e+02 -2.256598502437955567e+00 -2.256598502437955567e+00 -9.527660776889452787e-01 -9.527660776889438354e-01 9.527660776889448346e-01 9.527660776889451677e-01 2.256598502437954679e+00 2.256598502437956011e+00
2.620000000000000000e+02 -2.262403612738262293e+00 -2.262403612738262293e+00 -9.388982336062097200e-01 -9.388982336062089429e-01 9.388982336062083878e-01 9.388982336062099421e-01 2.262403612738260961e+00 2.262403612738261405e+00
2.630000000000000000e+02 -2.268114292130492871e+00 -2.268114292130491982e+00 -9.250175986614508350e-01 -9.250175986614507240e-01 9.250175986614503909e-01 9.250175986614508350e-01 2.268114292130491982e+00 2.268114292130491982e+00
2.640000000000000000e+02 -2.273730535615313908e+00 -2.273730535615313020e+00 -9.111253763398854399e-01 -9.111253763398853289e-01 9.111253763398844407e-01 9.111253763398856620e-01 2.273730535615313020e+00 2.273730535615313908e+00
2.650000000000000000e+02 -2.279252352167460138e+00 -2.279252352167459250e+00 -8.972227789903143291e-01 -8.972227789903132189e-01 8.972227789903133299e-01 8.972227789903148842e-01 2.279252352167459694e+00 2.279252352167460138e+00
2.660000000000000000e+02 -2.284679764871584862e+00 -2.284679764871584418e+00 -8.833110278867345455e-01 -8.833110278867343235e-01 8.833110278867337684e-01 8.833110278867343235e-01 2.284679764871584862e+00 2.284679764871585306e+00
2.670000000000000000e+02 -2.290012811060296194e+00 -2.290012811060295750e+00 -8.693913532924746335e-01 -8.693913532924739673e-01 8.693913532924747445e-01 8.693913532924769649e-01 2.290012811060295306e+00 2.290012811060295750e+00
2.680000000000000000e+02 -2.295251542454380900e+00 -2.295251542454380900e+00 -8.554649945268284483e-01 -8.554649945268283373e-01 8.554649945268276712e-01 8.554649945268284483e-01 2.295251542454380456e+00 2.295251542454380900e+00
2.690000000000000000e+02 -2.300396025305239789e+00 -2.300396025305239789e+00 -8.415332000342322649e-01 -8.415332000342317098e-01 8.415332000342312657e-01 8.415332000342319319e-01 2.300396025305239789e+00 2.300396025305240233e+00
2.700000000000000000e+02 -2.305446340539538230e+00 -2.305446340539537786e+00 -8.275972274559968422e-01 -8.275972274559957320e-01 8.275972274559957320e-01 8.275972274559966202e-01 2.305446340539538230e+00 2.305446340539538230e+00
2.710000000000000000e+02 -2.310402583906082885e+00 -2.310402583906081997e+00 -8.136583437045913358e-01 -8.136583437045907807e-01 8.136583437045905587e-01 8.136583437045914469e-01 2.310402583906081553e+00 2.310402583906083773e+00
2.720000000000000000e+02 -2.315264866124925103e+00 -2.315264866124924215e+00 -7.997178250405153621e-01 -7.997178250405149180e-01 7.997178250405138078e-01 7.997178250405164723e-01 2.315264866124924215e+00 2.315264866124925547e+00
2.730000000000000000e+02 -2.320033313038707412e+00 -2.320033313038706524e+00 -7.857769571517374541e-01 -7.857769571517368989e-01 7.857769571517367879e-01 7.857769571517374541e-01 2.320033313038706080e+00 2.320033313038706968e+00
2.740000000000000000e+02 -2.324708065766224241e+00 -2.324708065766223797e+00 -7.718370352357175612e-01 -7.718370352357170061e-01 7.718370352357160069e-01 7.718370352357171171e-01 2.324708065766224685e+00 2.324708065766225573e+00
2.750000000000000000e+02 -2.329289280858226618e+00 -2.329289280858226618e+00 -7.578993640840228085e-01 -7.578993640840224755e-01 7.578993640840223645e-01 7.578993640840229196e-01 2.329289280858225730e+00 2.329289280858225730e+00
2.760000000000000000e+02 -2.333777130455430893e+00 -2.333777130455430449e+00 -7.439652581695035405e-01 -7.439652581695029854e-01 7.439652581695024303e-01 7.439652581695036515e-01 2.333777130455429560e+00 2.333777130455430893e+00
2.770000000000000000e+02 -2.338171802448734571e+00 -2.338171802448734127e+00 -7.300360417360480803e-01 -7.300360417360476362e-01 7.300360417360480803e-01 7.300360417360487464e-01 2.338171802448733683e+00 2.338171802448734127e+00
2.780000000000000000e+02 -2.342473500641617967e+00 -2.342473500641617079e+00 -7.161130488908891145e-01 -7.161130488908887815e-01 7.161130488908887815e-01 7.161130488908891145e-01 2.342473500641618411e+00 2.342473500641618855e+00
2.790000000000000000e+02 -2.346682444914705457e+00 -2.346682444914705012e+00 -7.021976236994406095e-01 -7.021976236994402765e-01 7.021976236994409426e-01 7.021976236994409426e-01 2.346682444914704568e+00 2.346682444914705901e+00
2.800000000000000000e+02 -2.350798871392458800e+00 -2.350798871392458800e+00 -6.882911202826460517e-01 -6.882911202826459407e-01 6.882911202826459407e-01 6.882911202826459407e-01 2.350798871392459688e+00 2.350798871392460132e+00
2.810000000000000000e+02 -2.354823032611969236e+00 -2.354823032611969236e+00 -6.743949029168061493e-01 -6.743949029168057052e-01 6.743949029168054832e-01 6.743949029168062603e-01 2.354823032611967903e+00 2.354823032611968792e+00
2.820000000000000000e+02 -2.358755197693797268e+00 -2.358755197693796823e+00 -6.605103461358475814e-01 -6.605103461358472483e-01 6.605103461358472483e-01 6.605103461358481365e-01 2.358755197693796823e+00 2.358755197693797268e+00
2.830000000000000000e+02 -2.362595652514827282e+00 -2.362595652514826838e+00 -6.466388348359829452e-01 -6.466388348359827232e-01 6.466388348359819460e-01 6.466388348359822791e-01 2.362595652514826394e+00 2.362595652514826838e+00
2.840000000000000000e+02 -2.366344699883067726e+00 -2.366344699883067282e+00 -6.327817643827221561e-01 -6.327817643827213789e-01 6.327817643827210459e-01 6.327817643827218230e-01 2.366344699883068170e+00 2.366344699883068614e+00
2.850000000000000000e+02 -2.370002659714338211e+00 -2.370002659714338211e+00 -6.189405407201599152e-01 -6.189405407201594711e-01 6.189405407201595821e-01 6.189405407201604703e-01 2.370002659714337323e+00 2.370002659714337767e+00
2.860000000000000000e+02 -2.373569869210758743e+00 -2.373569869210758299e+00 -6.051165804824901739e-01 -6.051165804824896188e-01 6.051165804824897299e-01 6.051165804824905070e-01 2.373569869210758299e+00 2.373569869210759631e+00
2.870000000000000000e+02 -2.377046683040989983e+00 -2.377046683040989095e+00 -5.913113111076355732e-01 -5.913113111076354622e-01 5.913113111076357953e-01 5.913113111076363504e-01 2.377046683040988651e+00 2.377046683040989095e+00
2.880000000000000000e+02 -2.380433473522085563e+00 -2.380433473522084231e+00 -5.775261709529544429e-01 -5.775261709529538878e-01 5.775261709529533327e-01 5.775261709529543319e-01 2.380433473522083787e+00 2.380433473522084675e+00
2.890000000000000000e+02 -2.383730630802900929e+00 -2.383730630802900929e+00 -5.637626094128657117e-01 -5.637626094128648235e-01 5.637626094128658227e-01 5.637626094128660448e-01 2.383730630802899597e+00 2.383730630802900041e+00
2.900000000000000000e+02 -2.386938563048908168e+00 -2.386938563048907724e+00 -5.500220870383427663e-01 -5.500220870383419891e-01 5.500220870383421001e-01 5.500220870383423222e-01 2.386938563048908613e+00 2.386938563048908613e+00
2.910000000000000000e+02 -2.390057696628307138e+00 -2.390057696628306250e+00 -5.363060756581004007e-01 -5.363060756580995125e-01 5.363060756580996236e-01 5.363060756580999566e-01 2.390057696628307138e+00 2.390057696628308470e+00
2.920000000000000000e+02 -2.393088476299295664e+00 -2.393088476299294776e+00 -5.226160585013791549e-01 -5.226160585013788218e-01 5.226160585013788218e-01 5.226160585013792659e-01 2.393088476299294776e+00 2.393088476299296108e+00
2.930000000000000000e+02 -2.396031365398337609e+00 -2.396031365398337165e+00 -5.089535303221524032e-01 -5.089535303221517371e-01 5.089535303221516260e-01 5.089535303221531803e-01 2.396031365398335833e+00 2.396031365398337165e+00
2.940000000000000000e+02 -2.398886846029262720e+00 -2.398886846029261832e+00 -4.953199975246082576e-01 -4.953199975246077580e-01 4.953199975246074804e-01 4.953199975246087572e-01 2.398886846029261832e+00 2.398886846029261832e+00
2.950000000000000000e+02 -2.401655419253025503e+00 -2.401655419253024615e+00 -4.817169782897173236e-01 -4.817169782897160468e-01 4.817169782897159358e-01 4.817169782897173236e-01 2.401655419253025059e+00 2.401655419253025947e+00
2.960000000000000000e+02 -2.404337605277903744e+00 -2.404337605277903300e+00 -4.681460027026983495e-01 -4.681460027026972393e-01 4.681460027026971837e-01 4.681460027026979054e-01 2.404337605277904633e+00 2.404337605277905521e+00
2.970000000000000000e+02 -2.406933943649943952e+00 -2.406933943649942620e+00 -4.546086128811618332e-01 -4.546086128811615557e-01 4.546086128811616112e-01 4.546086128811616667e-01 2.406933943649942176e+00 2.406933943649943952e+00
2.980000000000000000e+02 -2.409444993443390803e+00 -2.409444993443389027e+00 -4.411063631037103749e-01 -4.411063631037102639e-01 4.411063631037099309e-01 4.411063631037102639e-01 2.409444993443390359e+00 2.409444993443390359e+00
2.990000000000000000e+02 -2.411871333450882560e+00 -2.411871333450880783e+00 -4.276408199387246034e-01 -4.276408199387241593e-01 4.276408199387242703e-01 4.276408199387250475e-01 2.411871333450882116e+00 2.411871333450882116e+00
3.000000000000000000e+02 -2.414213562373094923e+00 -2.414213562373094479e+00 -4.142135623730952565e-01 -4.142135623730945349e-01 4.142135623730951455e-01 4.142135623730955341e-01 2.414213562373094035e+00 2.414213562373094923e+00
3.010000000000000000e+02 -2.416472299007574875e+00 -2.416472299007573099e+00 -4.008261819405709581e-01 -4.008261819405706250e-01 4.008261819405709581e-01 4.008261819405710136e-01 2.416472299007572655e+00 2.416472299007573543e+00
3.020000000000000000e+02 -2.418648182436403893e+00 -2.418648182436402116e+00 -3.874802828494409712e-01 -3.874802828494407492e-01 3.874802828494408047e-01 3.874802828494411933e-01 2.418648182436402561e+00 2.418648182436403893e+00
3.030000000000000000e+02 -2.420741872212406776e+00 -2.420741872212406331e+00 -3.741774821091861103e-01 -3.741774821091861103e-01 3.741774821091856662e-01 3.741774821091857772e-01 2.420741872212406331e+00 2.420741872212407220e+00
3.040000000000000000e+02 -2.422754048543465544e+00 -2.422754048543464656e+00 -3.609194096557449272e-01 -3.609194096557448717e-01 3.609194096557446496e-01 3.609194096557456488e-01 2.422754048543463767e+00 2.422754048543465544e+00
3.050000000000000000e+02 -2.424685412474587576e+00 -2.424685412474587132e+00 -3.477077084750049840e-01 -3.477077084750047620e-01 3.477077084750044844e-01 3.477077084750047620e-01 2.424685412474587132e+00 2.424685412474588020e+00
3.060000000000000000e+02 -2.426536686067310544e+00 -2.426536686067310544e+00 -3.345440347240859480e-01 -3.345440347240859480e-01 3.345440347240853374e-01 3.345440347240862256e-01 2.426536686067310544e+00 2.426536686067310988e+00
3.070000000000000000e+02 -2.428308612575954317e+00 -2.428308612575953429e+00 -3.214300578499868499e-01 -3.214300578499868499e-01 3.214300578499867944e-01 3.214300578499872385e-01 2.428308612575952985e+00 2.428308612575954317e+00
3.080000000000000000e+02 -2.430001956620260639e+00 -2.430001956620260195e+00 -3.083674607050904126e-01 -3.083674607050903571e-01 3.083674607050896355e-01 3.083674607050904681e-01 2.430001956620260195e+00 2.430001956620260639e+00
3.090000000000000000e+02 -2.431617504353916548e+00 -2.431617504353915660e+00 -2.953579396590426120e-01 -2.953579396590424455e-01 2.953579396590426120e-01 2.953579396590431672e-01 2.431617504353915216e+00 2.431617504353916104e+00
3.100000000000000000e+02 -2.433156063628377108e+00 -2.433156063628376664e+00 -2.824032047064306550e-01 -2.824032047064305995e-01 2.824032047064305995e-01 2.824032047064320983e-01 2.433156063628375776e+00 2.433156063628377996e+00
3.110000000000000000e+02 -2.434618464151442563e+00 -2.434618464151442119e+00 -2.695049795697132544e-01 -2.695049795697129769e-01 2.695049795697129214e-01 2.695049795697130879e-01 2.434618464151441231e+00 2.434618464151442563e+00
3.120000000000000000e+02 -2.436005557639939756e+00 -2.436005557639939312e+00 -2.566650017967510022e-01 -2.566650017967507247e-01 2.566650017967510022e-01 2.566650017967510577e-01 2.436005557639939312e+00 2.436005557639940200e+00
3.130000000000000000e+02 -2.437318217965870115e+00 -2.437318217965870115e+00 -2.438850228523177788e-01 -2.438850228523173902e-01 2.438850228523170571e-01 2.438850228523173902e-01 2.437318217965870115e+00 2.437318217965871447e+00
3.140000000000000000e+02 -2.438557341295319869e+00 -2.438557341295319425e+00 -2.311668082028697502e-01 -2.311668082028695559e-01 2.311668082028696947e-01 2.311668082028699722e-01 2.438557341295319425e+00 2.438557341295319869e+00
3.150000000000000000e+02 -2.439723846219396197e+00 -2.439723846219395309e+00 -2.185121373938685163e-01 -2.185121373938683220e-01 2.185121373938685163e-01 2.185121373938688771e-01 2.439723846219395309e+00 2.439723846219395753e+00
3.160000000000000000e+02 -2.440818673876417044e+00 -2.440818673876416600e+00 -2.059228041188524705e-01 -2.059228041188521374e-01 2.059228041188523317e-01 2.059228041188525538e-01 2.440818673876416156e+00 2.440818673876417044e+00
3.170000000000000000e+02 -2.441842788064523262e+00 -2.441842788064522818e+00 -1.934006162794690009e-01 -1.934006162794686678e-01 1.934006162794685846e-01 1.934006162794688344e-01 2.441842788064522818e+00 2.441842788064523262e+00
3.180000000000000000e+02 -2.442797175343860427e+00 -2.442797175343860427e+00 -1.809473960355799937e-01 -1.809473960355798827e-01 1.809473960355797995e-01 1.809473960355802991e-01 2.442797175343860427e+00 2.442797175343860872e+00
3.190000000000000000e+02 -2.443682845127411962e+00 -2.443682845127411074e+00 -1.685649798445574277e-01 -1.685649798445573722e-01 1.685649798445572056e-01 1.685649798445573722e-01 2.443682845127411518e+00 2.443682845127411518e+00
3.200000000000000000e+02 -2.444500829759528315e+00 -2.444500829759526983e+00 -1.562552184887906759e-01 -1.562552184887901208e-01 1.562552184887903706e-01 1.562552184887905371e-01 2.444500829759526983e+00 2.444500829759527427e+00
3.210000000000000000e+02 -2.445252184581147681e+00 -2.445252184581146793e+00 -1.440199770904306564e-01 -1.440199770904305177e-01 1.440199770904301013e-01 1.440199770904304344e-01 2.445252184581147237e+00 2.445252184581147237e+00
3.220000000000000000e+02 -2.445937987980664197e+00 -2.445937987980663308e+00 -1.318611351122962461e-01 -1.318611351122962183e-01 1.318611351122964681e-01 1.318611351122966346e-01 2.445937987980662864e+00 2.445937987980663308e+00
3.230000000000000000e+02 -2.446559341429332068e+00 -2.446559341429330292e+00 -1.197805863438734103e-01 -1.197805863438729801e-01 1.197805863438733409e-01 1.197805863438734658e-01 2.446559341429329848e+00 2.446559341429331624e+00
3.240000000000000000e+02 -2.447117369500053208e+00 -2.447117369500052764e+00 -1.077802388712266329e-01 -1.077802388712263970e-01 1.077802388712260639e-01 1.077802388712265913e-01 2.447117369500052764e+00 2.447117369500053208e+00
3.250000000000000000e+02 -2.447613219868379542e+00 -2.447613219868379097e+00 -9.586201502966150423e-02 -9.586201502966149035e-02 9.586201502966132382e-02 9.586201502966137933e-02 2.447613219868379542e+00 2.447613219868379542e+00
3.260000000000000000e+02 -2.448048063294416821e+00 -2.448048063294416377e+00 -8.402785133786006000e-02 -8.402785133785978244e-02 8.402785133786000449e-02 8.402785133786001837e-02 2.448048063294416821e+00 2.448048063294416821e+00
3.270000000000000000e+02 -2.448423093584407795e+00 -2.448423093584407795e+00 -7.227969841221489056e-02 -7.227969841221458525e-02 7.227969841221454361e-02 7.227969841221468239e-02 2.448423093584407351e+00 2.448423093584407795e+00
3.280000000000000000e+02 -2.448739527530584326e+00 -2.448739527530583437e+00 -6.061952086000372414e-02 -6.061952086000349516e-02 6.061952086000326617e-02 6.061952086000355761e-02 2.448739527530583882e+00 2.448739527530584326e+00
3.290000000000000000e+02 -2.448998604827920200e+00 -2.448998604827918424e+00 -4.904929715001193208e-02 -4.904929715001158513e-02 4.904929715001206392e-02 4.904929715001239005e-02 2.448998604827917092e+00 2.448998604827918868e+00
3.300000000000000000e+02 -2.449201587966332028e+00 -2.449201587966331140e+00 -3.757101945916772184e-02 -3.757101945916749980e-02 3.757101945916780511e-02 3.757101945916805491e-02 2.449201587966330695e+00 2.449201587966332028e+00
3.310000000000000000e+02 -2.449349762096844518e+00 -2.449349762096844074e+00 -2.618669349368235241e-02 -2.618669349368189792e-02 2.618669349368231425e-02 2.618669349368254323e-02 2.449349762096843630e+00 2.449349762096844518e+00
3.320000000000000000e+02 -2.449444434870160059e+00 -2.449444434870159171e+00 -1.489833828318882364e-02 -1.489833828318841771e-02 1.489833828318872996e-02 1.489833828318964243e-02 2.449444434870158727e+00 2.449444434870159615e+00
3.330000000000000000e+02 -2.449486936246083157e+00 -2.449486936246082713e+00 -3.707985946275486368e-03 -3.707985946274826739e-03 3.707985946274673216e-03 3.707985946275126413e-03 2.449486936246082713e+00 2.449486936246083602e+00
3.340000000000000000e+02 -2.449478618272155295e+00 -2.449478618272154407e+00 -7.382318574185931133e-03 -7.382318574185736844e-03 7.382318574185695211e-03 7.382318574186564307e-03 2.449478618272154851e+00 2.449478618272155295e+00
3.350000000000000000e+02 -2.449420854829868155e+00 -2.449420854829868155e+00 -1.837051780757511382e-02 -1.837051780757509301e-02 1.837051780757424993e-02 1.837051780757477382e-02 2.449420854829867711e+00 2.449420854829869043e+00
3.360000000000000000e+02 -2.449315041346735722e+00 -2.449315041346734390e+00 -2.925454208560915662e-02 -2.925454208560904212e-02 2.925454208560841762e-02 2.925454208560886518e-02 2.449315041346734834e+00 2.449315041346736166e+00
3.370000000000000000e+02 -2.449162594472538146e+00 -2.449162594472537702e+00 -4.003230990769685027e-02 -4.003230990769682252e-02 4.003230990769701680e-02 4.003230990769703762e-02 2.449162594472538146e+00 2.449162594472538146e+00
3.380000000000000000e+02 -2.448964951717970795e+00 -2.448964951717970795e+00 -5.070172834329710748e-02 -5.070172834329682299e-02 5.070172834329716993e-02 5.070172834329787076e-02 2.448964951717970351e+00 2.448964951717970351e+00
3.390000000000000000e+02 -2.448723571053950110e+00 -2.448723571053947889e+00 -6.126069347304534396e-02 -6.126069347304517743e-02 6.126069347304546192e-02 6.126069347304559376e-02 2.448723571053947001e+00 2.448723571053949666e+00
3.400000000000000000e+02 -2.448439930469788361e+00 -2.448439930469787917e+00 -7.170709087041417240e-02 -7.170709087041349239e-02 7.170709087041342300e-02 7.170709087041352015e-02 2.448439930469787473e+00 2.448439930469788361e+00
3.410000000000000000e+02 -2.448115527488489818e+00 -2.448115527488489818e+00 -8.203879612569171809e-02 -8.203879612569167645e-02 8.203879612569159319e-02 8.203879612569170421e-02 2.448115527488488929e+00 2.448115527488489818e+00
3.420000000000000000e+02 -2.447751878637334233e+00 -2.447751878637333345e+00 -9.225367541405536664e-02 -9.225367541405528338e-02 9.225367541405525562e-02 9.225367541405582461e-02 2.447751878637332013e+00 2.447751878637334233e+00
3.430000000000000000e+02 -2.447350518872034364e+00 -2.447350518872034364e+00 -1.023495861094949611e-01 -1.023495861094947390e-01 1.023495861094945447e-01 1.023495861094949611e-01 2.447350518872034364e+00 2.447350518872034808e+00
3.440000000000000000e+02 -2.446913000952688488e+00 -2.446913000952688488e+00 -1.123243774463453942e-01 -1.123243774463451583e-01 1.123243774463454914e-01 1.123243774463454914e-01 2.446913000952687600e+00 2.446913000952688488e+00
3.450000000000000000e+02 -2.446440894769812413e+00 -2.446440894769811969e+00 -1.221758912301423444e-01 -1.221758912301418448e-01 1.221758912301414979e-01 1.221758912301418726e-01 2.446440894769812857e+00 2.446440894769813301e+00
3.460000000000000000e+02 -2.445935786618776309e+00 -2.445935786618775420e+00 -1.319019625994735934e-01 -1.319019625994729827e-01 1.319019625994735101e-01 1.319019625994738432e-01 2.445935786618774532e+00 2.445935786618776309e+00
3.470000000000000000e+02 -2.445399278421004574e+00 -2.445399278421004574e+00 -1.415004208404674613e-01 -1.415004208404672392e-01 1.415004208404673502e-01 1.415004208404674890e-01 2.445399278421004130e+00 2.445399278421004574e+00
3.480000000000000000e+02 -2.444832986890402182e+00 -2.444832986890401294e+00 -1.509690902554577663e-01 -1.509690902554571279e-01 1.509690902554577940e-01 1.509690902554579051e-01 2.444832986890400850e+00 2.444832986890401294e+00
3.490000000000000000e+02 -2.444238542643468293e+00 -2.444238542643466960e+00 -1.603057910873404990e-01 -1.603057910873401382e-01 1.603057910873403880e-01 1.603057910873406100e-01 2.444238542643466960e+00 2.444238542643467405e+00
3.500000000000000000e+02 -2.443617589251763533e+00 -2.443617589251763089e+00 -1.695083405009895072e-01 -1.695083405009893962e-01 1.695083405009894517e-01 1.695083405009900068e-01 2.443617589251763533e+00 2.443617589251763533e+00
3.510000000000000000e+02 -2.442971782235385803e+00 -2.442971782235384026e+00 -1.785745536230443631e-01 -1.785745536230443076e-01 1.785745536230444186e-01 1.785745536230447239e-01 2.442971782235384470e+00 2.442971782235384914e+00
3.520000000000000000e+02 -2.442302787996300850e+00 -2.442302787996299962e+00 -1.875022446412230315e-01 -1.875022446412227262e-01 1.875022446412226151e-01 1.875022446412230037e-01 2.442302787996300850e+00 2.442302787996300850e+00
3.530000000000000000e+02 -2.441612282690521774e+00 -2.441612282690521329e+00 -1.962892279641952897e-01 -1.962892279641951232e-01 1.962892279641952620e-01 1.962892279641956228e-01 2.441612282690521329e+00 2.441612282690521774e+00
3.540000000000000000e+02 -2.440901951038204842e+00 -2.440901951038203954e+00 -2.049333194429041050e-01 -2.049333194429040217e-01 2.049333194429034666e-01 2.049333194429037719e-01 2.440901951038204398e+00 2.440901951038204842e+00
3.550000000000000000e+02 -2.440173485070998183e+00 -2.440173485070997295e+00 -2.134323376540205319e-01 -2.134323376540203654e-01 2.134323376540198103e-01 2.134323376540204209e-01 2.440173485070997295e+00 2.440173485070998627e+00
3.560000000000000000e+02 -2.439428582816106861e+00 -2.439428582816105973e+00 -2.217841052460783335e-01 -2.217841052460781115e-01 2.217841052460780005e-01 2.217841052460781115e-01 2.439428582816106861e+00 2.439428582816106861e+00
3.570000000000000000e+02 -2.438668946916754621e+00 -2.438668946916753733e+00 -2.299864503485657408e-01 -2.299864503485650469e-01 2.299864503485648248e-01 2.299864503485656853e-01 2.438668946916753733e+00 2.438668946916753733e+00
3.580000000000000000e+02 -2.437896283188965452e+00 -2.437896283188965008e+00 -2.380372080440962823e-01 -2.380372080440960325e-01 2.380372080440963656e-01 2.380372080440967819e-01 2.437896283188964563e+00 2.437896283188966340e+00
3.590000000000000000e+02 -2.437112299114823077e+00 -2.437112299114822189e+00 -2.459342219034700572e-01 -2.459342219034700294e-01 2.459342219034703902e-01 2.459342219034709454e-01 2.437112299114820857e+00 2.437112299114823522e+00
3.600000000000000000e+02 -2.436318702272596504e+00 -2.436318702272596060e+00 -2.536753455832336246e-01 -2.536753455832328474e-01 2.536753455832330140e-01 2.536753455832330695e-01 2.436318702272595615e+00 2.436318702272596948e+00
3.610000000000000000e+02 -2.435517198704470587e+00 -2.435517198704470143e+00 -2.612584444850217236e-01 -2.612584444850217236e-01 2.612584444850207244e-01 2.612584444850215015e-01 2.435517198704470143e+00 2.435517198704470587e+00
3.620000000000000000e+02 -2.434709491222823541e+00 -2.434709491222823097e+00 -2.686813974757102930e-01 -2.686813974757099044e-01 2.686813974757099599e-01 2.686813974757101264e-01 2.434709491222823097e+00 2.434709491222823985e+00
3.630000000000000000e+02 -2.433897277656397407e+00 -2.433897277656396962e+00 -2.759420986670557130e-01 -2.759420986670557130e-01 2.759420986670557685e-01 2.759420986670562681e-01 2.433897277656396962e+00 2.433897277656397407e+00
3.640000000000000000e+02 -2.433082249037950895e+00 -2.433082249037950007e+00 -2.830384592532075305e-01 -2.830384592532074195e-01 2.830384592532071419e-01 2.830384592532072530e-01 2.433082249037950007e+00 2.433082249037950451e+00
3.650000000000000000e+02 -2.432266087735396543e+00 -2.432266087735394766e+00 -2.899684094041075633e-01 -2.899684094041071192e-01 2.899684094041070637e-01 2.899684094041076188e-01 2.432266087735394322e+00 2.432266087735396987e+00
3.660000000000000000e+02 -2.431450465528735005e+00 -2.431450465528734561e+00 -2.967299002124624274e-01 -2.967299002124621499e-01 2.967299002124626495e-01 2.967299002124627605e-01 2.431450465528734561e+00 2.431450465528735005e+00
3.670000000000000000e+02 -2.430637041635471896e+00 -2.430637041635471896e+00 -3.033209056915835977e-01 -3.033209056915834312e-01 3.033209056915833757e-01 3.033209056915834312e-01 2.430637041635471007e+00 2.430637041635471896e+00
3.680000000000000000e+02 -2.429827460687596918e+00 -2.429827460687596918e+00 -3.097394248210326717e-01 -3.097394248210326162e-01 3.097394248210324497e-01 3.097394248210327272e-01 2.429827460687596474e+00 2.429827460687596474e+00
3.690000000000000000e+02 -2.429023350663567449e+00 -2.429023350663567005e+00 -3.159834836366277044e-01 -3.159834836366272048e-01 3.159834836366273714e-01 3.159834836366281485e-01 2.429023350663565672e+00 2.429023350663567893e+00
3.700000000000000000e+02 -2.428226320779122815e+00 -2.428226320779121927e+00 -3.220511373609605266e-01 -3.220511373609604155e-01 3.220511373609602490e-01 3.220511373609614703e-01 2.428226320779121039e+00 2.428226320779122815e+00
3.710000000000000000e+02 -2.427437959341169904e+00 -2.427437959341169016e+00 -3.279404725702191881e-01 -3.279404725702186885e-01 3.279404725702187440e-01 3.279404725702191326e-01 2.427437959341169460e+00 2.427437959341169904e+00
3.720000000000000000e+02 -2.426659831569333736e+00 -2.426659831569332848e+00 -3.336496093926903383e-01 -3.336496093926896722e-01 3.336496093926900608e-01 3.336496093926908380e-01 2.426659831569332404e+00 2.426659831569333736e+00
3.730000000000000000e+02 -2.425893477390169917e+00 -2.425893477390169917e+00 -3.391767037339512569e-01 -3.391767037339510349e-01 3.391767037339509239e-01 3.391767037339516455e-01 2.425893477390169473e+00 2.425893477390170805e+00
3.740000000000000000e+02 -2.425140409209413317e+00 -2.425140409209413317e+00 -3.445199495233910447e-01 -3.445199495233905451e-01 3.445199495233910447e-01 3.445199495233918219e-01 2.425140409209411985e+00 2.425140409209413317e+00
3.750000000000000000e+02 -2.424402109667980199e+00 -2.424402109667979754e+00 -3.496775809763152942e-01 -3.496775809763144061e-01 3.496775809763148501e-01 3.496775809763154053e-01 2.424402109667978866e+00 2.424402109667980199e+00
3.760000000000000000e+02 -2.423680029387819346e+00 -2.423680029387818902e+00 -3.546478748655664814e-01 -3.546478748655659818e-01 3.546478748655653157e-01 3.546478748655659263e-01 2.423680029387819346e+00 2.423680029387819790e+00
3.770000000000000000e+02 -2.422975584714005315e+00 -2.422975584714004871e+00 -3.594291527962421573e-01 -3.594291527962419908e-01 3.594291527962426014e-01 3.594291527962426569e-01 2.422975584714004427e+00 2.422975584714004871e+00
3.780000000000000000e+02 -2.422290155459808858e+00 -2.422290155459808858e+00 -3.640197834767943674e-01 -3.640197834767943119e-01 3.640197834767942009e-01 3.640197834767942564e-01 2.422290155459809302e+00 2.422290155459809302e+00
3.790000000000000000e+02 -2.421625082661724715e+00 -2.421625082661723827e+00 -3.684181849795112318e-01 -3.684181849795109542e-01 3.684181849795103436e-01 3.684181849795111208e-01 2.421625082661724271e+00 2.421625082661724715e+00
3.800000000000000000e+02 -2.420981666351709194e+00 -2.420981666351708750e+00 -3.726228269831320938e-01 -3.726228269831317608e-01 3.726228269831314277e-01 3.726228269831316497e-01 2.420981666351709194e+00 2.420981666351709194e+00
3.810000000000000000e+02 -2.420361163354110889e+00 -2.420361163354110889e+00 -3.766322329901352628e-01 -3.766322329901352073e-01 3.766322329901351518e-01 3.766322329901352073e-01 2.420361163354110445e+00 2.420361163354110889e+00
3.820000000000000000e+02 -2.419764785114902228e+00 -2.419764785114902228e+00 -3.804449825110475802e-01 -3.804449825110470806e-01 3.804449825110469696e-01 3.804449825110473027e-01 2.419764785114901784e+00 2.419764785114901784e+00
3.830000000000000000e+02 -2.419193695571025149e+00 -2.419193695571025149e+00 -3.840597132079949794e-01 -3.840597132079942022e-01 3.840597132079948128e-01 3.840597132079953124e-01 2.419193695571023817e+00 2.419193695571024705e+00
3.840000000000000000e+02 -2.418649009067700195e+00 -2.418649009067700195e+00 -3.874751229896331584e-01 -3.874751229896329918e-01 3.874751229896327143e-01 3.874751229896334914e-01 2.418649009067699751e+00 2.418649009067700639e+00
3.850000000000000000e+02 -2.418131788331632670e+00 -2.418131788331632670e+00 -3.906899720495251027e-01 -3.906899720495250472e-01 3.906899720495246031e-01 3.906899720495259909e-01 2.418131788331631782e+00 2.418131788331633558e+00
3.860000000000000000e+02 -2.417643042508018425e+00 -2.417643042508017981e+00 -3.937030848400523420e-01 -3.937030848400519534e-01 3.937030848400520644e-01 3.937030848400525085e-01 2.417643042508017537e+00 2.417643042508019757e+00
3.870000000000000000e+02 -2.417183725269208772e+00 -2.417183725269208772e+00 -3.965133519740159929e-01 -3.965133519740154378e-01 3.965133519740154378e-01 3.965133519740162704e-01 2.417183725269208772e+00 2.417183725269209216e+00
3.880000000000000000e+02 -2.416754733002792310e+00 -2.416754733002791422e+00 -3.991197320461659093e-01 -3.991197320461654652e-01 3.991197320461653542e-01 3.991197320461666309e-01 2.416754733002792310e+00 2.416754733002792754e+00
3.890000000000000000e+02 -2.416356903086654739e+00 -2.416356903086654295e+00 -4.015212533670798889e-01 -4.015212533670792783e-01 4.015212533670790007e-01 4.015212533670795003e-01 2.416356903086653407e+00 2.416356903086655183e+00
3.900000000000000000e+02 -2.415991012258405846e+00 -2.415991012258404957e+00 -4.037170156020235545e-01 -4.037170156020224443e-01 4.037170156020231659e-01 4.037170156020242207e-01 2.415991012258405402e+00 2.415991012258405402e+00
3.910000000000000000e+02 -2.415657775086236025e+00 -2.415657775086236025e+00 -4.057061913077203985e-01 -4.057061913077186222e-01 4.057061913077190662e-01 4.057061913077196214e-01 2.415657775086234693e+00 2.415657775086235581e+00
3.920000000000000000e+02 -2.415357842547986245e+00 -2.415357842547986245e+00 -4.074880273602366487e-01 -4.074880273602364267e-01 4.074880273602363157e-01 4.074880273602367597e-01 2.415357842547986245e+00 2.415357842547987133e+00
3.930000000000000000e+02 -2.415091800724787685e+00 -2.415091800724787241e+00 -4.090618462676554046e-01 -4.090618462676552936e-01 4.090618462676552380e-01 4.090618462676556821e-01 2.415091800724786797e+00 2.415091800724788129e+00
3.940000000000000000e+02 -2.414860169615228536e+00 -2.414860169615228536e+00 -4.104270473615374004e-01 -4.104270473615371229e-01 4.104270473615371784e-01 4.104270473615380665e-01 2.414860169615228536e+00 2.414860169615229424e+00
3.950000000000000000e+02 -2.414663402075507559e+00 -2.414663402075507115e+00 -4.115831078617472327e-01 -4.115831078617463445e-01 4.115831078617461225e-01 4.115831078617470662e-01 2.414663402075508003e+00 2.414663402075508447e+00
3.960000000000000000e+02 -2.414501882890506934e+00 -2.414501882890506046e+00 -4.125295838096946777e-01 -4.125295838096935119e-01 4.125295838096937340e-01 4.125295838096942891e-01 2.414501882890505158e+00 2.414501882890506046e+00
3.970000000000000000e+02 -2.414375927980148440e+00 -2.414375927980147996e+00 -4.132661108656252580e-01 -4.132661108656246474e-01 4.132661108656247584e-01 4.132661108656255355e-01 2.414375927980147551e+00 2.414375927980148440e+00
3.980000000000000000e+02 -2.414285783744809954e+00 -2.414285783744809510e+00 -4.137924049661964587e-01 -4.137924049661962922e-01 4.137924049661963477e-01 4.137924049661966253e-01 2.414285783744809066e+00 2.414285783744809510e+00
3.990000000000000000e+02 -2.414231626552905130e+00 -2.414231626552904242e+00 -4.141082628392177001e-01 -4.141082628392162568e-01 4.141082628392164233e-01 4.141082628392172005e-01 2.414231626552904686e+00 2.414231626552905130e+00
4.000000000000000000e+02 -2.414213562373094923e+00 -2.414213562373093591e+00 -4.142135623730958116e-01 -4.142135623730951455e-01 4.142135623730942573e-01 4.142135623730947569e-01 2.414213562373094923e+00 2.414213562373095368e+00
